26条数据
1.03721354656145
-0.0381606921466413
-0.0205233917765074
-0.00810787824597197
-0.245820890795343
-0.410018504310708
0.145360822872837
0.0128946186374165
-0.416578159509586
-0.257753753993905
-0.152753853642066
-0.214869816675525
0.421581139084716
0.0843737673176777
-0.797611786113756
-0.703450052711456
-0.691817330347212
-0.636318996751826
-0.646148406087562
-0.798947339819571
-0.619330926859607
-0.242139617883612
-0.15196443011198
-0.156491337065551
-0.158478234961263
-0.160186269099082
0条数据
