211条数据
-0.009
0
0.138
0.138
0.2712
0.2712
0.2254
0.2781
0.0183
1.0606
0.5884
0.6
0.2199
0.0594
-0.0391
0.1593
0.8825
0.8825
1.1652
2.5311
1.6558
0
1.5394
1.5893
1.7907
2.0096
2.4906
1.7314
1.3391
1.3391
0.9351
0.814
0.5577
0.592
0.592
0.7308
0.5473
0.5286
0.5151
0.8482
1.4431
2.6788
0
2.5076
1.1365
1.1365
1.9397
2.1093
1.7401
2.0903
2.198
2.5631
2.5631
1.4928
1.1953
0.802
0.802
0.4979
0.4542
0.4712
0.4712
0.6454
0.7452
0
0.8056
0.8056
1.2098
1.2098
2.5114
2.5114
1.9806
2.6014
2.6014
2.2489
2.2489
2.3302
2.3148
2.3148
1.3163
1.3163
0.7497
0.7497
0.7821
0.7821
0
0.6914
0.6914
0.6221
0.6221
0.7951
0.7951
1.4928
1.4928
2.0372
2.0372
2.2267
2.2267
2.2141
2.2141
2.2141
2.3583
2.3583
1.9736
1.9736
0.6834
0
0.6834
0.6834
0.472
0.472
0.472
0.472
0.472
0.5933
0.5933
0.9774
0.9774
0.9774
2.2986
2.2986
2.2986
2.5263
2.5263
2.5263
2.3237
2.3237
0
1.3459
1.3459
1.3459
0.4341
0.4341
0.4341
-0.1016
-0.1016
-0.1016
0.4377
0.4377
0.4377
0.6888
0.6888
0.6888
3.0109
3.0109
3.0109
2.2457
2.2457
0
2.2457
2.2457
2.5984
2.5984
2.5984
2.0572
2.0572
2.0572
2.0572
1.0082
1.0082
1.0082
0.6288
0.6288
0.6288
1.6769
1.6769
2.7753
2.7753
2.4574
0
2.4574
2.0882
2.0882
1.9575
1.9575
1.9575
2.4041
2.4041
2.7169
2.7169
1.287
1.287
0.9062
0.9062
0.2348
0.2348
-0.5569
-0.5569
-0.5569
-0.5788
0
-0.5788
-0.5464
-0.5464
-0.4741
-0.4741
-0.5242
-0.5242
-0.5242
-0.4967
-0.4967
-0.4707
-0.4707
-0.4552
-0.4552
-0.4294
-0.4294
-0.4294
-0.4164
-0.4164
-0.4235
0
