0.090,0.140,-0.531,-0.619,0.419,0.224,9.285,-19.365,-42.152,140.036,220.936,336.304,7.532,0.403,3.47384114648752,0.317,1,1,
0.062,0.213,-0.585,-0.526,0.453,-0.061,1.884,-25.074,-40.407,126.766,203.852,331.153,0.109,1.309,0.867344581045105,0.317,1,1,
0.110,0.191,-0.757,-1.357,0.817,-0.244,-0.034,-25.935,-40.393,99.351,177.237,330.294,0.116,0.968,0.733683814350627,0.317,1,1,
0.028,0.168,-0.452,-0.522,0.374,-0.134,-0.448,-26.341,-40.167,108.996,146.386,322.033,0.083,1.414,0.898860348441376,0.317,1,1,
0.180,0.009,-0.601,-0.142,0.864,-0.122,-1.661,-26.792,-40.534,83.618,136.438,315.097,0.247,1.282,0.911528385122246,0.317,1,1,
0.369,0.253,-1.196,0.773,-0.056,1.569,-5.504,-24.496,-41.108,84.115,76.088,258.788,0.260,1.172,0.872982911686476,0.317,1,1,
0.049,0.124,-0.435,0.432,-1.517,-0.137,-25.625,-14.080,-38.045,61.875,50.303,205.935,0.106,0.759,0.646120471599193,0.317,1,1,
0.032,0.041,-0.602,0.207,0.042,0.131,-26.600,-13.895,-37.391,150.439,39.328,200.690,0.150,1.447,0.938969981529981,0.317,1,1,
-0.101,-0.247,1.502,-0.386,-0.024,-0.201,-23.706,-8.592,-41.971,71.079,80.991,250.841,0.432,0.790,0.78856364674454,0.317,1,1,
-0.739,-0.369,1.355,-0.442,0.943,0.430,-21.737,-7.752,-43.560,119.466,83.691,212.956,0.534,0.520,0.721659919135661,0.317,1,1,
0.013,-0.105,-0.576,0.395,0.090,0.050,-22.259,-7.633,-43.571,128.518,49.693,228.809,0.885,1.522,1.26267654405387,0.317,1,1,
1.133,0.124,-0.127,-2.917,0.487,1.843,-16.502,7.797,-40.423,168.214,208.673,172.447,0.053,0.948,0.700322172553776,0.317,1,1,
0.847,-0.140,-0.145,1.493,-2.292,-0.708,-18.072,34.944,-11.217,206.375,313.418,182.428,0.006,1.012,0.707315643227174,0.317,1,1,
0.594,0.176,0.994,0.659,1.286,2.552,-25.894,13.910,-13.905,215.410,121.578,91.994,0.144,0.336,0.492044776813227,0.317,1,1,
0.732,1.143,0.447,0.044,3.838,1.031,-9.524,17.868,-6.475,228.132,316.184,206.000,0.186,0.810,0.698676574316851,0.317,1,1
0.734,-0.522,0.365,-0.459,-4.621,-1.374,-8.156,16.177,-11.341,253.147,181.582,255.753,10.718,0.525,4.79711220519254,0.706,1,1,
0.035,0.168,-0.819,-0.015,-0.140,0.355,13.650,-15.178,-38.498,135.353,213.675,60.930,0.211,0.649,0.643922070668968,0.706,1,1,
0.432,0.473,-0.377,-1.609,2.804,-0.236,-5.928,-17.261,-38.737,111.588,107.361,183.968,0.017,0.043,0.323904195373952,0.706,2,1,
0.114,0.424,0.671,5.328,3.136,3.974,-18.590,7.551,-31.178,177.029,167.590,163.635,0.034,0.799,0.633238650701978,0.706,2,1,
-0.120,-0.380,-0.200,1.256,3.017,4.621,-26.854,13.603,6.804,221.139,187.013,180.625,0.091,0.563,0.56141997577732,0.706,2,1,
-0.543,0.510,0.166,4.486,-3.769,4.604,-3.692,-25.334,-28.914,102.545,146.693,111.661,0.063,0.584,0.55891901655555,0.706,2,1
0.696,1.012,0.882,0.286,4.883,1.493,1.371,4.485,-18.723,196.129,219.915,163.629,12.610,0.803,5.66547798825555,0.305,2,1
0.109,0.065,-0.391,-0.434,0.553,-0.335,13.669,-19.628,-40.985,86.624,218.400,344.225,5.082,0.231,2.42512342443974,0.229,1,0,
0.225,0.541,-0.279,-0.876,0.236,-0.081,2.585,-23.399,-39.037,126.034,207.596,317.998,0.113,1.408,0.908474466280183,0.229,1,0,
0.203,0.549,-0.398,-0.171,0.022,0.491,-8.240,-18.470,-39.324,115.361,192.799,320.004,0.179,1.271,0.879946557662425,0.229,1,0,
0.096,0.144,-0.336,-0.604,0.033,-0.170,-7.346,-17.300,-40.480,90.638,195.182,341.651,0.105,1.383,0.895062262581153,0.229,1,0,
0.182,0.666,-0.233,-2.919,0.513,0.034,-4.645,-20.248,-39.534,118.051,189.039,338.561,0.247,1.350,0.938611278569577,0.229,1,0,
-0.069,0.560,0.117,1.007,0.134,0.785,-15.662,-22.372,-35.582,126.908,230.537,311.327,0.157,0.950,0.74281050624121,0.229,1,0,
0.066,-0.135,-0.270,-2.041,-0.661,-2.434,-6.563,-15.953,-39.529,67.307,172.784,264.984,0.141,1.022,0.765592889501942,0.229,1,0,
0.153,0.592,-0.189,-2.848,0.854,-0.913,-0.864,-13.053,-42.463,105.978,206.938,312.286,0.135,1.362,0.89903969283622,0.229,1,0,
-0.112,0.754,0.491,2.565,-0.040,-1.291,-14.212,-29.231,-25.363,109.969,85.925,339.104,0.116,0.661,0.610797590536894,0.229,1,0,
-0.063,-0.212,0.515,1.960,1.160,-1.734,-15.045,-34.353,-18.798,100.080,139.625,143.773,0.009,1.372,0.852450002593656,0.542,1,0,
-0.362,0.275,0.480,1.849,0.461,-0.899,-5.529,-37.732,-16.201,90.151,101.630,38.099,0.047,0.953,0.700158359415345,0.542,1,0,
-0.162,1.656,0.613,0.716,0.371,-0.667,-3.439,-38.244,-18.062,105.773,151.673,32.650,0.032,0.833,0.646040010572851,0.542,1,0,
0.310,0.261,0.325,0.518,-1.501,-0.655,-9.990,-26.436,-27.425,112.474,85.301,117.000,0.067,0.664,0.592214029858458,0.542,1,0,
0.344,0.063,-0.152,-1.480,0.554,-0.991,-6.878,-29.991,-29.244,112.009,100.342,286.611,0.050,0.797,0.639037272439213,0.542,1,0,
0.230,-0.153,0.173,0.448,-0.271,0.024,-13.002,-23.156,-32.943,88.113,129.829,284.288,0.048,0.571,0.547783070673697,0.542,1,0
-0.293,-0.159,-0.362,1.368,-2.496,-0.964,10.830,-29.834,-36.114,76.910,174.669,185.336,8.023,0.500,3.70948637403194,0.495,1,1,
0.060,0.096,-0.885,-14.541,7.175,-1.361,14.610,-34.843,-24.950,89.013,149.262,203.142,0.071,0.969,0.715896326161816,0.495,1,1,
-0.250,-0.254,-0.232,2.117,-1.204,4.229,12.983,-34.582,-27.360,95.716,116.387,275.794,0.059,0.818,0.651085957358393,0.495,1,1,
0.483,0.177,0.316,-9.683,8.900,-2.543,9.322,-31.306,-32.361,92.315,149.482,248.020,0.165,1.003,0.767114608613358,0.495,1,1,
-0.044,-0.219,-0.475,3.100,0.781,0.226,8.214,-31.475,-33.599,69.648,140.320,211.493,0.062,0.790,0.640669272262966,0.495,1,1,
-0.064,-0.210,-0.732,-7.049,2.656,-6.366,7.578,-29.204,-38.081,86.293,165.086,126.170,0.012,0.249,0.404596615258451,0.495,1,1,
-0.024,-0.089,-0.637,0.269,-0.035,-0.651,5.220,-27.835,-38.545,80.337,185.233,313.487,0.039,0.991,0.711885430407929,0.495,1,1,
0.039,-0.119,-0.612,-5.564,1.566,-2.965,10.890,-27.592,-37.790,88.498,168.857,229.638,0.108,0.831,0.675884021416739,0.495,1,1,
0.025,-0.038,-0.619,-1.063,2.926,-1.485,5.838,-27.336,-39.168,94.981,142.047,260.827,0.090,0.991,0.732330113277042,0.495,1,1,
0.049,-0.077,-0.713,-1.905,3.215,-2.096,7.035,-27.576,-38.819,91.494,135.108,137.828,0.077,0.788,0.645813690987355,0.495,1,1,
0.078,-0.003,-0.683,0.821,1.278,-0.157,4.978,-24.968,-40.412,100.348,110.285,130.733,0.054,1.010,0.725641648299159,0.495,1,1,
0.064,-0.162,-0.783,-2.081,0.277,-1.310,4.669,-24.583,-41.781,83.554,292.696,42.719,0.036,0.569,0.541827733562089,0.495,1,1,
0.003,-0.097,-0.589,1.621,-0.189,0.368,7.058,-25.729,-38.699,90.608,196.176,209.963,0.055,1.019,0.729942583095411,0.495,1,1
-0.080,-0.192,-0.598,-2.962,3.216,-0.871,8.567,-30.851,-35.732,71.823,115.381,193.123,8.265,0.386,3.76043487865446,0.558,1,1,
0.028,-0.027,-0.658,-3.956,2.570,-1.471,4.396,-31.844,-35.376,83.257,160.098,116.464,0.071,1.019,0.736327896436763,0.558,1,1,
-0.006,0.059,-0.635,-2.225,3.919,-1.553,3.086,-31.503,-36.007,91.052,177.773,59.810,0.072,0.962,0.713839575100048,0.558,1,1,
0.060,-0.043,-0.698,-5.593,2.090,-3.058,6.536,-29.602,-36.779,95.896,137.851,112.227,0.091,1.019,0.74433394639029,0.558,1,1,
-0.196,0.103,-0.565,5.990,-1.617,-1.591,0.380,-31.314,-34.492,166.401,172.771,165.709,0.056,1.340,0.858678091794722,0.558,1,1,
0.052,-0.025,-0.601,-11.160,5.531,2.088,14.690,-18.094,-43.772,92.436,149.152,297.869,0.063,1.037,0.740058478009928,0.558,1,1,
0.222,-0.220,-0.460,-5.252,-3.828,0.345,25.978,-11.261,-39.321,78.421,121.112,290.289,0.066,1.259,0.830127772070612,0.558,1,1,
0.224,-0.048,-0.448,-10.569,-1.924,-0.950,27.885,-9.605,-39.432,102.227,149.166,245.790,0.043,1.005,0.71919618829283,0.558,1,1,
0.168,-0.318,-0.454,-3.088,-0.921,0.747,28.816,-14.925,-36.455,80.938,152.581,31.271,0.109,1.372,0.892476938448728,0.558,1,1,
0.182,-0.206,-0.469,-10.899,-5.072,2.358,31.262,-11.737,-36.874,91.894,220.531,285.489,0.087,1.020,0.743108831072446,0.558,1,1,
0.117,-0.224,-0.540,-0.016,-1.760,0.259,29.598,-15.999,-34.961,92.420,207.061,290.154,0.131,1.309,0.876105101982696,0.558,1,1,
0.161,-0.232,-0.662,3.758,-2.752,-13.009,25.587,-19.675,-37.881,106.287,247.687,244.420,0.056,0.942,0.699152810915643,0.558,1,1,
0.393,0.092,-0.449,0.201,-1.425,-2.312,2.180,45.945,-17.627,247.277,183.290,146.564,0.029,1.035,0.725709926450273,0.558,1,1,
0.333,0.090,-0.491,0.625,-7.168,-0.163,7.929,40.651,-26.160,214.771,256.552,168.579,0.130,1.037,0.766958843893329,0.558,1,1,
0.273,0.262,-0.498,-0.154,-12.448,1.514,1.314,43.186,-25.806,218.934,253.770,188.838,0.102,0.951,0.721337648422047,0.558,1,1,
0.356,0.142,-0.332,0.798,-4.644,-10.441,15.977,39.323,-24.800,202.335,195.738,183.406,0.103,1.412,0.906196758636484,0.558,1,1,
0.321,0.239,-0.360,-2.316,-6.334,-16.476,22.798,33.810,-22.497,216.226,217.510,170.232,0.082,1.009,0.736547433570458,0.558,1,1,
0.357,-0.014,-0.407,-1.308,-6.226,-16.156,31.626,27.465,-21.188,176.561,158.794,157.340,0.030,0.995,0.709991176377429,0.558,1,1,
0.334,0.279,-0.262,-0.741,-13.283,-10.432,26.583,29.575,-23.870,198.170,217.822,199.498,0.041,0.947,0.695176450003751,0.558,1,1,
-0.053,0.492,-0.618,3.945,-22.098,-5.011,24.760,29.285,-26.316,191.454,144.275,248.281,0.107,1.149,0.80240159417976,0.558,1,1
0.041,0.289,-0.553,-12.182,7.037,-4.101,12.653,-20.285,-42.764,140.511,123.300,240.763,9.866,0.636,0,0.341,1,1,0,
0.008,0.250,-0.545,-5.056,1.399,-2.765,5.999,-24.691,-39.826,164.608,187.964,142.457,0.126,1.368,0,0.654,1,1,0,
-0.032,0.255,-0.584,7.789,-3.314,0.831,3.550,-25.663,-39.551,147.469,134.716,88.836,0.092,1.321,0,0.654,1,1,0,
0.048,0.247,-0.583,0.337,1.847,0.670,6.363,-24.365,-39.703,140.157,134.928,233.113,0.097,1.005,0,0.654,1,1,0,
0.066,0.326,-0.586,-7.978,6.273,-1.088,6.218,-22.798,-40.061,139.166,139.665,204.443,0.119,0.999,0,0.654,1,1,0,
0.041,0.209,-0.632,4.631,-0.597,-0.305,5.035,-23.072,-40.232,182.991,108.884,182.926,0.079,1.335,0,0.654,1,1,0,
0.035,0.115,-0.647,-0.921,2.076,-1.399,8.247,-22.563,-40.275,132.645,217.915,196.144,0.044,0.964,0,0.654,1,1,0,
0.046,0.117,-0.833,-8.179,4.999,-0.622,10.871,-21.084,-40.888,138.131,198.343,258.775,0.046,0.990,0,0.654,1,1,0,
0.149,0.136,-0.994,-0.513,0.361,0.072,6.093,-16.411,-42.976,118.321,352.182,300.709,0.014,0.671,0,0.654,1,1,0,
0.036,0.209,-0.695,6.872,-5.551,0.911,5.491,-19.836,-42.082,154.669,165.879,261.965,0.062,0.822,0,0.654,1,1,0,
0.076,0.215,-0.682,-7.294,6.792,-1.141,8.313,-22.785,-40.214,201.130,219.224,184.004,0.053,0.992,0,0.654,1,1,0,
0.261,0.265,-1.191,-11.365,3.161,-1.136,9.048,-20.420,-40.923,125.579,222.927,293.722,0.076,0.955,0,0.654,1,1,0,
0.179,0.161,-0.862,5.425,-0.646,0.163,-1.522,-18.571,-41.129,104.033,66.857,128.005,0.007,0.135,0,0.654,1,1,0
-0.063,0.124,-0.548,0.140,1.754,-0.417,14.738,-17.191,-42.982,150.704,256.294,235.755,10.994,0.730,4.98992862636963,0.711,1,1,3,
0.044,0.107,-0.278,-4.796,3.743,-1.474,8.513,-22.291,-39.677,89.344,172.399,184.990,0.103,1.055,0.763159038664003,0.245,1,1,2,
0.016,0.129,-0.330,11.477,-6.782,3.341,10.428,-24.766,-37.302,110.476,119.596,236.017,0.220,1.339,0.923307128049541,0.245,1,1,3,
-0.101,0.123,-0.192,-7.451,8.430,-0.624,16.535,-26.982,-31.138,67.963,159.692,151.719,0.220,0.986,0.782282526295982,0.245,1,1,2,
-0.120,-0.033,-0.212,6.196,-2.399,3.236,15.413,-27.480,-30.532,92.508,122.628,115.651,0.217,1.350,0.92656332344866,0.245,1,1,3,
-0.004,0.185,-0.463,6.517,-2.397,4.994,13.699,-25.107,-34.152,101.962,152.273,198.056,0.172,0.962,0.753689740806524,0.245,1,1,2,
-0.070,0.022,-0.293,8.686,-6.982,5.129,15.335,-21.280,-38.997,147.150,157.794,96.203,0.117,0.948,0.7258366689995,0.245,1,1,2,
0.002,-0.067,-0.559,2.670,1.581,1.378,13.653,-21.888,-38.841,179.009,193.997,243.725,0.134,1.085,0.78750433935564,0.245,1,1,2,
0.059,0.008,-0.548,-7.471,8.126,-3.177,10.224,-19.164,-40.758,87.784,173.658,285.276,0.081,0.814,0.658006062310314,0.245,1,1,2,
-0.072,0.087,-0.895,-2.892,-4.577,19.315,32.601,2.271,-37.910,193.661,145.807,166.250,0.008,0.143,0.360277207642688,0.245,1,1,1,
-0.043,-0.174,-0.618,3.322,0.969,3.592,17.881,-17.414,-39.419,157.377,220.355,236.059,0.017,1.261,0.811218180627683,0.245,1,1,2,
0.290,0.211,-0.915,1.097,1.513,-1.397,9.190,-19.535,-40.529,124.278,131.846,120.241,0.053,1.021,0.729867292402953,0.245,1,1,2,
0.044,-0.009,-0.607,0.536,1.212,1.863,4.383,-12.414,-43.552,208.716,129.422,149.720,0.003,1.359,0.844742050147929,0.245,1,1,3
0.069,0.107,-0.616,6.866,-1.844,4.116,15.038,-15.235,-42.475,153.266,130.181,204.695,11.632,0.936,5.32750711895633,0.230,1,1,3,
0.057,0.003,-0.731,-1.501,2.528,-2.083,12.790,-19.642,-40.782,128.532,119.534,151.460,0.059,0.805,0.645764274436564,0.543,1,1,2,
0.034,0.042,-0.694,-3.043,3.207,-3.082,15.181,-22.597,-40.322,134.518,147.907,149.473,0.037,0.986,0.709470104615736,0.543,1,1,2,
-0.037,0.024,-0.572,2.285,0.816,3.533,13.692,-22.278,-39.951,167.393,75.377,212.517,0.057,0.946,0.701086817527253,0.543,1,1,2,
0.139,0.189,-0.658,-1.722,3.802,-3.308,5.622,-22.428,-40.277,130.805,134.817,199.764,0.091,1.050,0.756446365023201,0.543,1,1,2,
0.148,0.210,-0.743,-2.510,2.776,-2.101,4.848,-21.008,-41.433,163.607,132.720,223.073,0.062,0.995,0.722618301448994,0.543,1,1,2,
0.088,-0.011,-0.746,-7.295,3.999,-3.363,7.306,-20.885,-40.782,80.362,155.673,143.493,0.067,1.030,0.73886406252548,0.543,1,1,2,
0.131,-0.152,-0.732,-6.192,2.353,2.576,13.024,-19.243,-41.281,94.416,164.417,186.664,0.028,0.974,0.70082026865403,0.543,1,1,2,
0.052,0.137,-0.810,10.023,-0.437,0.438,6.094,-17.000,-42.630,120.603,253.431,41.626,0.017,0.997,0.705699891701844,0.543,1,1,2,
-0.051,-0.052,-0.825,0.343,-7.193,-3.082,27.002,2.932,-39.369,167.821,266.342,220.288,0.004,-0.011,0.297006994313976,0.543,1,1,1
-0.003,0.035,-0.709,-1.333,1.835,1.279,23.516,9.634,-39.777,188.170,210.312,251.002,9.377,0.508,4.25373564867876,0.746,1,1,3,
0.007,0.018,-0.636,-5.818,-3.146,-2.866,23.102,7.515,-40.143,146.716,227.218,175.154,0.034,0.971,0.701948014422997,0.746,1,1,2,
-0.063,0.011,-0.698,-1.491,-2.015,-2.579,21.652,9.284,-40.046,198.146,209.904,159.522,0.044,1.008,0.7207729283888,0.746,1,1,2,
-0.025,0.062,-0.734,-2.661,-8.428,-6.346,22.367,15.949,-37.962,200.066,147.641,146.100,0.040,0.997,0.714999108013963,0.746,1,1,2,
-0.002,0.003,-0.616,-2.429,2.248,8.718,22.976,17.906,-37.833,218.497,240.249,221.329,0.044,0.954,0.699119234377812,0.746,1,1,2,
0.010,0.090,-0.655,7.615,-2.700,9.496,13.309,-2.059,-44.466,191.855,179.663,167.495,0.019,0.373,0.456653745168785,0.746,1,1,1,
0.128,0.101,-0.983,-4.891,0.311,-2.345,10.752,-12.561,-44.592,125.747,192.075,190.064,0.029,0.563,0.536940285387238,0.746,1,1,1,
0.094,0.135,-0.845,-8.393,2.759,-4.734,2.037,-20.382,-42.745,105.360,124.210,221.980,0.057,0.405,0.48466425438616,0.746,1,1,1,
0.040,-0.104,-1.010,0.975,-0.193,-1.094,9.757,-21.026,-45.418,101.637,283.929,123.510,0.009,0.440,0.479531160824093,0.746,1,1,1,
0.019,-0.262,-0.625,-3.220,-1.170,0.925,14.593,-27.387,-42.218,83.473,117.433,101.269,0.003,1.337,0.835778568061317,0.746,1,1,3,
0.039,0.095,-0.664,-4.049,6.648,1.621,-12.567,-19.044,-44.503,69.767,144.205,193.508,0.025,0.401,0.470282584944753,0.746,1,1,1,
0.110,0.141,-1.037,-0.669,2.988,0.982,-14.485,-24.071,-40.899,71.984,155.247,140.587,0.050,1.350,0.859716517636888,0.746,1,1,3
0.002,0.276,-0.548,-0.693,8.151,-0.169,7.774,-20.571,-41.254,174.642,174.548,128.620,10.706,0.688,4.8573802887206,0.559,1,1,3,
0.098,0.044,-0.675,-6.820,4.008,-3.622,9.300,-17.810,-42.486,123.616,158.613,85.086,0.090,0.778,0.647372282240573,0.559,1,1,2,
0.080,0.022,-0.696,0.912,3.757,-2.337,9.513,-19.506,-40.763,81.921,208.295,182.690,0.078,1.008,0.73435720006666,0.559,1,1,2,
-0.050,0.076,-0.489,-1.406,3.332,-2.196,9.727,-21.056,-40.923,182.774,120.389,111.129,0.058,0.997,0.72183860704135,0.559,1,1,2,
0.078,0.141,-0.622,0.284,1.547,-1.510,7.241,-19.455,-42.202,179.902,132.859,80.713,0.079,0.981,0.723988297784876,0.559,1,1,2,
0.084,0.179,-0.630,0.575,1.528,-2.013,9.055,-19.718,-42.454,141.900,200.088,243.455,0.064,1.017,0.732394539697642,0.559,1,1,2,
0.023,0.064,-0.505,-2.655,2.053,-3.279,10.978,-16.405,-42.679,195.112,165.526,178.822,0.091,0.996,0.734990831349007,0.559,1,1,2,
-0.033,0.042,-0.671,-10.032,-1.185,-6.964,9.521,-16.711,-42.650,156.524,189.858,182.620,0.096,0.674,0.608134536377973,0.559,1,1,2,
0.024,0.070,-0.518,-0.710,2.486,-2.960,11.566,-20.003,-42.114,225.796,154.128,236.568,0.038,1.815,1.04098300373515,0.559,1,1,3,
0.030,0.001,-0.478,-2.043,7.727,-1.929,12.951,-17.404,-42.113,86.871,127.475,145.750,0.136,1.005,0.756381448700328,0.559,1,1,2,
0.028,0.063,-0.539,-7.315,2.709,-6.686,15.357,-13.326,-42.616,185.097,207.493,137.842,0.111,1.004,0.746151169813739,0.559,1,1,2,
0.146,0.185,-0.630,-7.107,5.424,-3.407,12.807,-13.779,-43.566,187.527,129.942,239.803,0.107,0.990,0.738668913525408,0.559,1,1,2,
0.107,0.064,-0.581,4.333,0.639,3.233,14.296,-12.407,-43.434,226.384,145.995,242.426,0.072,1.312,0.853614704491137,0.559,1,1,3,
0.041,0.152,-0.497,-0.104,-1.061,3.975,14.124,-12.481,-44.381,162.601,165.515,224.211,0.027,-0.010,0.306801499792656,0.559,1,1,1,
0.150,0.026,-0.751,7.400,-3.654,3.869,13.102,-14.049,-43.763,163.031,119.032,260.735,0.118,1.550,0.967169534728949,0.559,1,1,3,
0.195,-0.029,-0.751,-5.461,3.920,-1.304,16.417,-13.230,-43.135,146.578,163.938,183.311,0.052,0.782,0.633950121338399,0.559,1,1,2,
0.034,0.245,-0.794,7.372,0.689,-2.213,2.094,-13.961,-42.322,143.856,97.118,96.020,0.017,0.666,0.573046916635461,0.272,1,1,2
0.129,-0.100,-0.797,2.344,2.914,-0.735,15.589,-16.453,-38.490,110.458,86.953,119.092,4.202,0.182,2.05372340094652,0.445,1,1,3,
0.119,0.027,-0.786,-10.932,-3.201,0.054,24.117,-16.835,-40.630,125.820,201.677,261.072,0.049,1.016,0.72623179132575,0.445,1,1,2,
0.043,-0.077,-0.709,-1.469,1.097,2.189,21.948,-16.546,-41.905,107.844,206.188,232.710,0.046,1.344,0.856108925298724,0.445,1,1,3,
0.055,0.159,-0.930,-15.115,-0.434,0.496,22.905,-19.285,-40.237,142.386,190.827,161.647,0.088,1.099,0.774749450455147,0.445,1,1,2,
0.115,-0.047,-0.610,0.275,0.304,-0.245,22.974,-18.590,-40.333,110.531,193.014,159.121,0.038,1.689,0.990967925017091,0.758,1,1,3,
0.085,-0.028,-0.659,-0.868,0.253,0.282,23.379,-19.632,-39.576,107.324,211.438,236.221,0.088,1.337,0.87013182676222,0.758,1,1,3,
0.109,-0.067,-0.547,-0.115,-0.158,0.404,22.397,-20.629,-39.701,105.242,195.607,197.960,0.044,1.344,0.855081255663226,0.758,1,1,3,
0.078,-0.078,-0.533,-5.730,-2.400,1.622,22.505,-19.734,-40.437,87.518,205.375,230.399,0.064,1.222,0.814553607597266,0.758,1,1,2,
0.085,-0.067,-0.582,-1.330,0.408,0.810,20.370,-22.195,-40.801,100.970,162.281,258.818,0.090,1.493,0.932896080563171,0.758,1,1,3,
0.093,0.006,-0.656,-7.664,-2.790,1.669,23.405,-21.339,-39.349,108.343,173.188,268.949,0.075,1.253,0.831148771813148,0.758,1,1,3,
0.147,-0.074,-0.498,-1.840,-2.363,0.905,23.509,-19.670,-39.405,100.043,217.544,261.568,0.078,1.401,0.891507801145521,0.758,1,1,3,
0.039,0.048,-0.744,-10.939,-3.447,3.698,27.018,-19.378,-37.854,134.712,209.876,169.685,0.034,1.344,0.851347138596932,0.758,1,1,3,
0.102,-0.090,-0.622,6.515,2.256,-3.380,24.164,-21.766,-38.826,118.268,205.219,157.265,0.063,0.782,0.637969804828548,0.758,1,1,2,
0.151,-0.175,-0.611,-8.708,-2.866,5.528,28.232,-18.292,-38.425,105.754,188.505,195.731,0.046,1.208,0.801508681085196,0.758,1,1,2,
0.163,-0.125,-0.551,-2.670,-0.868,1.036,32.255,-16.115,-37.402,116.928,162.210,269.765,0.034,1.529,0.925039691673129,0.758,1,1,3,
0.099,-0.099,-0.708,-10.453,-2.227,4.122,34.466,-14.595,-36.037,113.047,173.054,253.474,0.126,1.323,0.879575866467869,0.758,1,1,3
0.151,0.048,-0.665,3.065,-2.078,4.442,15.552,-12.125,-42.951,126.225,207.944,116.468,10.850,0.903,5.00104885201922,0.703,1,1,3,
0.135,0.124,-0.648,2.743,-0.674,1.990,14.041,-16.412,-42.659,133.671,125.469,96.516,0.066,1.050,0.74645431843257,0.703,1,1,2,
0.177,-0.013,-0.697,0.383,-0.853,2.203,13.323,-18.187,-42.029,116.935,78.990,175.666,0.064,0.679,0.597245234323042,0.703,1,1,2,
0.173,0.054,-0.676,-1.656,0.147,-1.031,11.134,-16.037,-42.903,105.659,38.371,100.386,0.025,1.479,0.901702478282939,0.703,1,1,3,
0.055,0.295,-0.649,6.944,-2.740,-0.950,-2.180,-10.610,-45.707,141.954,125.441,253.199,0.016,0.575,0.536258924604363,0.703,1,1,1,
0.215,-0.173,-0.962,0.435,0.457,-1.046,14.083,-17.355,-44.986,101.918,57.790,113.854,0.007,-0.011,0.298385256511381,0.703,1,1,1,
0.119,0.145,-0.679,2.160,1.251,-0.418,18.257,-21.146,-39.636,128.736,107.706,99.653,0.026,0.634,0.563788456016731,0.703,1,1,2,
0.114,0.044,-0.593,1.020,-0.444,-1.108,13.513,-19.158,-42.575,109.040,137.376,149.178,0.056,1.016,0.728965565976826,0.703,1,1,2,
0.123,0.066,-0.828,3.426,-11.251,-6.613,14.067,-6.480,-41.080,161.317,252.533,169.447,0.061,0.984,0.71795343437302,0.703,1,1,2,
-0.067,-0.091,-0.784,-4.608,-7.927,-0.196,23.220,15.898,-37.698,203.092,261.535,188.713,0.032,1.005,0.714812889801043,0.703,1,1,2,
0.022,-0.125,-0.700,-4.618,-3.109,2.322,24.341,22.008,-35.013,225.222,248.189,172.412,0.036,1.255,0.816133595525792,0.703,1,1,2,
-0.089,-0.031,-0.785,-1.191,-7.409,-2.274,22.326,18.289,-36.783,220.226,239.037,214.403,0.046,1.004,0.719886127281542,0.703,1,1,2,
-0.066,-0.032,-0.682,-2.905,3.511,0.425,20.242,19.676,-38.033,243.840,203.345,112.324,0.045,1.414,0.883894351090839,0.703,1,1,3
0.131,0.147,-0.853,-3.484,6.702,-0.543,1.374,-27.012,-41.328,102.063,121.358,184.522,9.218,0.546,4.20582447110515,0.378,1,1,3,
0.115,0.041,-0.643,1.776,2.375,1.123,-3.874,-18.128,-45.046,78.623,93.073,141.700,0.013,0.821,0.633729332407235,0.692,1,1,2,
0.157,0.090,-0.718,-4.768,4.674,-0.888,-4.189,-22.844,-43.502,89.699,140.958,121.857,0.045,0.773,0.627207718019509,0.692,1,1,2,
0.092,-0.008,-0.656,2.970,0.737,0.118,-4.070,-25.144,-41.992,72.992,89.856,105.334,0.046,1.001,0.718799519054062,0.692,1,1,2,
0.101,0.033,-0.639,-2.989,3.131,-0.882,-2.813,-26.147,-40.606,71.384,148.317,113.549,0.040,0.987,0.710989546382508,0.692,1,1,2,
0.180,0.149,-0.977,10.401,-5.444,0.545,-2.150,-26.215,-41.525,97.546,122.053,74.854,0.057,1.323,0.852064213125068,0.692,1,1,3,
0.089,-0.035,-0.639,0.984,1.536,-1.046,-1.056,-25.296,-41.722,69.749,219.754,106.801,0.014,0.807,0.628476522974509,0.692,1,1,2,
0.014,-0.069,-0.461,-1.765,0.798,-4.806,-2.706,-21.363,-43.540,43.862,156.351,118.567,0.038,0.810,0.639303271579174,0.692,1,1,2,
0.084,-0.192,-0.578,-4.074,3.487,-1.499,18.354,-12.119,-36.706,116.505,122.569,216.085,0.065,1.002,0.726776545177358,0.692,1,1,2,
0.064,-0.106,-0.594,-2.012,-1.000,-2.015,25.719,6.245,-33.074,164.666,249.911,202.793,0.053,0.999,0.720742549400912,0.692,1,1,2,
0.060,-0.103,-0.578,-2.663,-3.667,-1.121,25.470,9.668,-33.279,170.416,265.831,167.359,0.051,1.001,0.720830266735689,0.692,1,1,2,
0.159,-0.059,-0.648,-6.759,-3.442,-1.601,24.882,9.888,-32.598,170.422,226.521,154.274,0.049,1.007,0.722554742545851,0.692,1,1,2,
-0.037,0.017,-0.676,-2.110,-14.860,-0.438,22.516,14.335,-32.003,183.629,253.706,161.464,0.076,1.002,0.731335534105022,0.692,1,1,2,
-0.077,-0.030,-0.648,-3.543,-19.577,-1.902,22.828,9.914,-32.582,165.796,257.443,154.999,0.075,0.994,0.727646674440852,0.692,1,1,2,
0.074,-0.057,-0.553,-1.041,-0.523,-1.021,23.399,6.666,-32.248,161.685,248.982,176.720,0.041,1.290,0.832635358453917,0.692,1,1,3,
-0.053,-0.087,-0.772,-0.883,13.676,-3.038,23.313,8.651,-32.703,210.050,253.124,192.244,0.047,0.939,0.694216409395032,0.692,1,1,2,
-0.033,-0.123,-0.571,-1.804,0.407,-4.875,-25.216,-9.667,-38.641,54.725,171.004,105.802,0.022,0.519,0.516417540840737,0.692,1,1,1
0.063,0.081,-0.639,1.875,3.107,3.453,6.555,-18.361,-49.056,102.523,138.675,139.855,9.562,0.562,4.34957354635517,0.271,1,1,3,
-0.091,-0.072,-0.560,2.925,-1.563,3.515,2.162,-18.816,-49.635,88.570,92.616,202.212,0.066,0.978,0.717292178729946,0.271,1,1,2,
0.033,0.172,-0.577,-1.333,1.366,-0.209,6.146,-18.259,-47.241,232.863,151.469,271.612,0.072,1.012,0.73385084315185,0.271,1,1,2,
0.000,-0.024,-0.660,4.306,0.803,12.093,8.667,-15.370,-48.434,196.916,199.920,199.124,0.059,1.037,0.738545981430237,0.271,1,1,2,
0.036,0.070,-0.576,-0.638,-1.078,0.115,1.837,-12.416,-49.692,228.960,244.268,212.883,0.021,0.786,0.622758194690523,0.271,1,1,2,
0.061,0.033,-0.459,-8.843,7.158,-7.237,5.795,-19.259,-46.854,110.233,132.197,202.985,0.132,1.015,0.758768381854602,0.271,1,1,2,
0.049,0.013,-0.517,-10.513,5.769,-6.190,7.854,-15.231,-47.384,68.321,148.212,193.229,0.119,1.003,0.74870990001533,0.271,1,1,2,
0.168,-0.068,-0.563,-5.036,5.576,-4.718,9.212,-9.740,-49.144,198.157,129.576,85.858,0.057,0.778,0.634009456887771,0.271,1,1,2,
-0.146,0.361,-0.929,-0.664,0.677,0.603,3.615,3.039,-52.284,203.852,103.374,291.443,0.005,0.129,0.353724224816875,0.271,1,1,1,
-0.013,0.181,-0.663,1.451,-2.191,-0.670,1.817,-10.750,-50.778,167.952,155.985,203.377,0.029,0.787,0.626712006859781,0.271,1,1,2,
0.122,0.169,-0.606,-0.271,-0.165,-0.302,3.444,-16.874,-48.612,181.076,147.941,273.787,0.040,1.005,0.717946371488089,0.271,1,1,2
0.280,0.075,-0.815,-9.926,1.165,-0.273,4.363,-15.601,-49.074,97.854,146.285,272.049,9.378,0.503,4.25203847511406,0.461,1,1,3,
0.376,0.466,-0.705,3.964,-6.459,-4.146,-12.461,3.927,-52.129,131.124,270.346,270.519,0.005,0.148,0.361139793875941,0.461,1,1,1,
0.106,0.016,-0.655,1.215,2.924,-0.954,-3.114,-8.859,-50.916,126.849,173.647,183.743,0.050,1.318,0.847007143284291,0.461,1,1,3,
0.125,0.184,-0.693,-9.041,4.330,0.525,8.178,-16.656,-48.753,136.635,238.004,164.708,0.060,0.992,0.720741727007637,0.461,1,1,2,
0.154,0.154,-0.621,6.773,0.928,0.250,6.943,-15.069,-48.975,112.850,201.443,127.113,0.067,1.399,0.88624263348093,0.461,1,1,3,
0.027,0.214,-0.502,3.084,2.793,-1.114,4.176,-14.542,-49.486,132.169,134.377,208.214,0.048,0.935,0.693206788877413,0.461,1,1,2,
0.118,0.178,-0.602,-9.150,3.597,-2.643,3.113,-18.664,-48.509,111.202,163.480,131.945,0.111,0.970,0.73234174553966,0.461,1,1,2,
0.036,-0.049,-0.577,1.795,1.387,-0.206,5.121,-19.017,-47.838,72.201,131.307,204.436,0.080,1.325,0.861660108664577,0.461,1,1,3,
0.003,0.146,-0.542,-6.618,3.206,0.177,7.505,-15.852,-47.296,240.886,209.638,310.012,0.054,1.001,0.721854504397771,0.461,1,1,2,
-0.030,0.072,-0.570,4.867,-2.160,3.206,6.480,-17.123,-46.909,128.937,189.811,202.719,0.074,1.339,0.864959970249962,0.775,1,1,3,
0.069,0.274,-0.636,-13.725,5.726,-5.377,10.049,-19.083,-46.763,205.117,143.545,125.889,0.116,1.004,0.747931916455804,0.775,1,1,2,
-0.174,0.005,-0.368,-3.415,0.992,-2.328,9.545,-17.592,-47.342,275.430,163.200,56.158,0.087,0.969,0.722303798309556,0.775,1,1,2,
-0.129,0.134,-0.372,-16.044,7.974,-5.036,9.888,-18.531,-46.284,110.797,126.400,113.279,0.007,1.887,1.05740389237288,0.775,1,1,3,
-0.107,-0.206,-0.220,2.711,3.615,3.079,9.445,-19.006,-46.290,66.242,107.411,185.337,0.080,1.186,0.806413585087462,0.775,1,1,2,
-0.059,-0.028,-0.436,0.064,1.362,0.409,10.880,-18.397,-46.722,185.054,153.038,151.810,0.154,1.513,0.966918270008163,0.775,1,1,3
0.560,1.033,-0.562,-4.775,3.992,-1.504,1.762,-23.286,-43.884,153.867,293.616,108.440,10.007,0.659,4.566,0.292,1,1,3,
0.208,0.447,-0.299,0.633,-1.541,1.296,1.595,-11.141,-47.590,122.582,123.050,83.180,0.030,2.165,1.178,0.292,1,1,3,
0.579,0.727,-0.426,-1.422,4.165,-2.123,1.580,-21.948,-46.689,144.199,119.201,134.643,0.089,0.994,0.733,0.292,1,1,2,
0.203,0.729,-0.430,-2.707,2.521,-0.513,0.427,-28.937,-28.925,108.347,146.992,192.802,0.065,0.334,0.459,0.292,1,1,1,
-0.077,0.287,-0.409,1.659,-0.766,1.023,4.432,-23.352,-33.339,99.810,103.424,172.579,0.123,0.796,0.667,0.292,1,1,2,
-0.075,0.156,-0.432,1.105,-0.080,0.587,4.140,-23.809,-33.651,85.503,122.077,181.769,0.103,1.340,0.877,0.292,1,1,3,
0.234,0.034,-1.065,-0.373,1.433,0.677,5.346,-15.679,-41.302,102.735,91.994,104.250,0.012,0.111,0.349,0.292,1,1,1,
0.481,0.282,-0.558,-0.637,1.780,-2.313,10.692,-7.278,-42.095,114.035,85.618,95.902,0.104,1.307,0.864,0.605,1,1,3,
0.765,0.838,-1.002,-1.254,-1.140,-0.037,-3.379,-2.261,-39.580,140.266,88.537,90.540,0.059,1.285,0.838,0.605,1,1,3,
0.382,0.824,-0.202,-1.182,1.099,-0.932,0.884,-21.904,-35.064,125.293,298.281,239.284,0.098,0.820,0.667,0.605,1,1,2
0.105,-0.191,-0.604,0.492,0.697,-0.117,27.936,33.468,-49.308,249.291,318.113,81.564,0.118,1.309,0.871,0.663,1,1,3,
0.108,-0.277,-0.447,-0.429,-0.408,0.177,27.936,33.996,-48.240,276.541,264.471,62.073,0.111,1.002,0.745,0.663,1,1,2,
0.084,-0.174,-0.524,0.161,0.239,-0.253,27.156,30.360,-48.564,245.980,260.514,74.671,0.153,1.342,0.898,0.663,1,1,3,
0.047,-0.169,-0.590,-1.142,-1.741,0.540,28.668,35.952,-48.564,246.231,248.454,81.120,0.139,0.978,0.747,0.663,1,1,2,
0.166,-0.198,-0.400,-0.342,-0.625,0.226,29.292,38.568,-50.100,250.115,239.938,85.038,0.178,1.361,0.915,0.663,1,1,3,
0.091,-0.114,-0.444,0.275,0.129,-0.088,28.800,38.616,-53.172,234.644,233.024,88.240,0.322,1.279,0.940,0.663,1,1,3,
0.069,-0.082,-0.574,-0.678,-1.050,0.330,28.116,40.812,-53.844,237.093,231.775,91.229,0.172,1.027,0.780,0.663,1,1,2,
0.049,-0.078,-0.539,0.091,-0.189,0.004,26.964,41.244,-53.796,239.384,230.513,92.093,0.117,1.340,0.883,0.663,1,1,3,
0.029,-0.060,-0.654,-0.883,-1.460,0.251,27.912,41.832,-53.328,238.294,230.079,90.781,0.131,1.005,0.754,0.663,1,1,2,
0.046,-0.070,-0.677,-0.416,-1.112,-0.004,27.180,41.580,-53.316,231.366,230.971,92.487,0.123,1.305,0.871,0.663,1,1,3,
0.137,-0.015,-0.714,-0.124,-1.871,-0.719,26.736,42.048,-52.560,231.963,249.266,117.205,0.117,1.323,0.876,0.663,1,1,3,
0.149,0.187,-0.761,2.656,-0.948,-0.139,7.956,57.444,-51.660,244.568,285.057,173.878,0.016,1.340,0.843,0.663,1,1,3,
-0.100,-0.029,-0.325,0.016,-0.448,-2.324,-4.296,70.356,-50.604,286.112,310.714,213.370,0.031,1.366,0.859,0.663,1,1,3,
-0.079,0.243,-0.299,1.087,0.571,0.177,-21.924,65.172,-50.832,260.913,309.096,240.270,0.156,1.218,0.850,0.663,1,1,3,
-0.127,0.175,-0.155,-0.912,-1.393,-0.427,-31.644,6.876,-2.580,328.097,146.042,252.195,0.604,0.513,0.747,0.663,1,1,2,
0.251,-0.043,-1.145,1.903,2.176,0.104,-31.056,6.144,-3.984,295.063,217.413,254.539,0.612,1.009,0.948,0.663,1,1,3,
-0.195,0.277,-0.166,0.090,0.333,0.118,-30.624,7.428,-3.948,306.214,9.120,266.971,0.448,-0.010,0.475,0.663,1,1,1
0.152,-0.076,-0.581,0.423,-0.108,0.113,31.464,15.900,-37.296,194.003,242.896,8.832,0.043,2.088,1.152,0.611,1,1,3,
0.065,-0.137,-0.719,-0.440,-0.325,-0.024,24.768,11.832,-35.412,205.091,244.093,20.146,0.066,1.299,0.846,0.325,1,1,3,
0.069,-0.124,-0.748,0.114,0.083,0.119,24.864,18.240,-35.424,217.297,247.467,32.352,0.093,0.799,0.657,0.325,1,1,2,
0.136,0.042,-0.825,0.554,-0.079,-0.206,31.296,11.088,-30.648,190.997,231.332,27.580,0.044,1.359,0.861,0.325,1,1,3,
0.148,0.084,-0.930,0.204,0.891,-1.446,-24.432,20.868,-28.116,324.755,349.974,205.717,0.007,0.445,0.481,0.325,1,1,1,
0.007,-0.089,-0.685,0.645,0.781,-0.288,-28.200,-3.048,-28.056,3.277,72.982,233.668,0.008,0.490,0.499,0.325,1,1,1,
-0.113,0.101,-0.667,0.476,0.207,0.191,-25.200,-5.100,-35.076,197.151,357.326,239.325,0.090,0.786,0.650,0.325,1,1,2,
0.087,0.080,-0.617,0.925,-0.317,-0.778,-31.800,8.568,-32.520,216.126,351.272,231.134,0.015,1.282,0.819,0.325,1,1,2,
-0.012,0.039,-0.587,-0.579,0.138,-0.054,-19.392,2.580,-37.704,347.364,8.189,256.475,0.248,0.988,0.794,0.325,1,1,2,
0.005,0.122,-0.464,0.323,0.578,-0.318,-27.132,-1.572,-33.420,219.621,9.565,262.300,0.031,1.203,0.794,0.325,1,1,2,
0.113,0.081,-0.886,0.255,0.071,0.096,-27.528,-0.708,-36.612,14.910,9.621,268.201,0.171,1.389,0.924,0.325,1,1,3,
0.089,0.018,-0.678,0.090,-0.061,0.090,-24.708,-5.256,-41.496,24.853,17.836,279.464,0.068,0.798,0.647,0.325,1,1,2,
0.291,-0.134,-1.107,-0.731,0.177,2.720,-4.908,35.028,-40.380,294.079,260.776,165.955,0.023,0.445,0.487,0.325,1,1,1,
0.157,-0.055,-0.651,-0.154,-0.231,-0.002,27.036,20.340,-42.300,200.539,216.489,122.856,0.013,0.551,0.526,0.325,1,1,1
0.142,0.052,-0.697,0.559,-0.066,-0.147,10.392,-11.700,-38.340,118.625,13.257,7.425,0.293,2.033,1.230,0.523,1,1,3,
0.155,0.033,-0.667,-1.336,0.290,-0.332,17.208,-12.468,-36.504,132.189,21.406,13.624,0.106,1.359,0.886,0.236,1,1,3,
0.168,0.158,-0.879,-2.602,-0.402,-0.396,18.276,-12.132,-36.240,134.606,36.772,23.774,0.271,0.776,0.719,0.236,1,1,2,
0.157,0.103,-0.552,-0.747,0.026,-0.277,11.520,-11.208,-37.872,132.701,59.550,29.600,0.144,0.829,0.689,0.236,1,1,2,
0.148,0.087,-0.437,-0.458,-0.119,-0.072,12.744,-10.296,-38.544,130.371,66.310,33.194,0.216,0.794,0.704,0.236,1,1,2,
0.141,0.149,-0.430,-0.042,0.031,-0.199,9.384,-10.848,-39.072,139.536,77.917,40.133,0.161,0.806,0.687,0.236,1,1,2,
0.146,0.089,-0.364,-0.603,-0.160,-0.177,11.844,-11.304,-38.940,131.568,88.551,48.196,0.182,0.773,0.682,0.236,1,1,2,
0.154,0.120,-0.562,-0.914,-0.069,-0.200,13.320,-11.064,-38.028,137.548,92.850,52.651,0.210,1.404,0.946,0.236,1,1,3,
-0.027,0.012,-0.378,0.328,0.801,0.466,-12.048,18.492,-36.816,300.078,277.374,243.835,0.044,0.364,0.463,0.236,1,1,1,
-0.030,-0.058,-0.511,1.609,-0.283,-0.282,-12.864,23.160,-34.704,301.684,283.035,242.465,0.258,1.340,0.940,0.236,1,1,3,
-0.002,-0.160,-0.485,0.110,0.147,-0.186,-9.192,20.508,-35.256,312.852,293.890,257.735,0.271,0.773,0.718,0.236,1,1,2,
-0.024,-0.161,-0.723,2.041,-0.090,-0.266,-13.596,22.944,-35.508,300.645,301.679,262.785,0.168,0.764,0.673,0.236,1,1,2,
-0.030,-0.075,-0.466,1.428,-0.013,-0.182,-13.740,21.240,-34.776,298.473,300.330,270.839,0.379,0.786,0.766,0.236,1,1,2,
-0.032,-0.139,-0.529,1.234,-0.133,-0.411,-13.824,21.504,-35.088,310.779,305.952,284.896,0.337,0.812,0.760,0.236,1,1,2,
-0.022,-0.178,-0.627,2.182,-0.132,-0.409,-14.544,20.496,-35.508,302.793,307.326,294.789,0.186,0.783,0.688,0.236,1,1,2
-0.076,-0.065,-0.922,-0.115,0.287,0.076,-10.176,17.064,-34.716,302.526,299.722,305.715,0.142,2.020,1.165,0.244,1,1,3,
0.135,0.397,-0.832,1.370,0.817,-1.015,-13.044,-16.560,-33.060,95.677,73.429,96.008,0.008,0.564,0.529,0.558,1,1,1,
0.081,0.024,-0.376,-0.160,0.627,-0.225,10.848,-15.324,-37.020,118.825,132.411,165.042,0.013,0.896,0.664,0.558,1,1,2,
0.118,0.112,-0.452,-0.750,-0.148,-0.227,9.120,-11.208,-38.772,134.943,123.059,170.668,0.222,0.827,0.720,0.558,1,1,2,
0.146,-0.018,-0.709,-0.930,0.083,-0.071,11.676,-12.624,-37.956,114.622,122.412,177.577,0.437,0.765,0.781,0.558,1,1,2,
0.130,0.135,-0.539,0.897,-0.277,-0.022,9.876,-11.400,-38.256,132.898,128.609,192.553,0.187,1.058,0.798,0.558,1,1,2,
0.101,0.081,-0.607,-1.380,0.260,-0.278,13.956,-14.640,-35.604,133.857,125.446,198.708,0.097,1.316,0.865,0.558,1,1,3,
0.131,0.215,-0.685,-2.432,0.129,-0.134,17.244,-12.420,-36.276,145.958,123.374,213.714,0.203,0.772,0.690,0.558,1,1,2,
0.147,0.075,-0.615,-1.634,-0.082,-0.109,14.892,-13.008,-37.524,130.872,114.364,218.996,0.209,0.828,0.715,0.558,1,1,2,
0.142,0.025,-0.590,-0.651,-0.294,-0.019,14.292,-11.124,-37.560,131.181,107.400,225.996,0.216,0.769,0.694,0.558,1,1,2,
-0.496,0.083,-0.881,1.477,1.372,-4.154,4.272,2.484,-41.004,186.601,227.172,212.661,0.093,0.406,0.500,0.558,1,1,1,
0.019,-0.015,-0.474,0.472,0.195,-0.330,-12.252,22.152,-34.344,303.430,295.871,68.680,0.044,0.773,0.627,0.558,1,1,2,
-0.062,-0.253,-0.710,-1.973,-0.062,0.068,-4.116,17.568,-35.856,307.849,282.894,57.012,0.097,0.933,0.712,0.558,1,1,2,
0.005,-0.064,-0.364,-0.413,0.068,-0.019,-8.436,20.328,-36.048,290.739,281.369,53.855,0.142,1.364,0.902,0.558,1,1,3,
-0.038,-0.068,-0.510,1.208,-0.096,-0.267,-13.716,21.636,-35.892,275.399,292.099,59.223,0.188,0.793,0.692,0.558,1,1,2,
0.013,0.164,-0.154,2.104,0.375,-0.821,-17.400,21.660,-35.280,234.746,301.216,65.617,0.526,0.927,0.881,0.558,1,1,3,
-0.033,-0.088,-0.373,0.352,-0.153,-0.089,-13.284,19.236,-36.120,314.785,301.021,75.349,0.217,1.212,0.872,0.558,1,1,3
0.090,-0.019,-0.537,0.019,0.134,-0.098,11.976,-14.328,-37.488,118.638,73.980,5.622,0.014,1.350,0.845,0.251,1,1,3,
0.113,0.034,-0.521,-0.592,0.145,-0.206,13.788,-13.848,-37.128,123.937,76.637,12.329,0.059,1.351,0.864,0.564,1,1,3,
0.124,-0.015,-0.536,-0.575,0.157,-0.169,14.604,-13.776,-36.828,121.438,81.911,15.614,0.149,1.328,0.891,0.564,1,1,3,
0.115,0.063,-0.505,-0.280,-0.176,-0.258,11.892,-13.848,-37.692,129.598,90.293,21.509,0.144,1.267,0.864,0.564,1,1,3,
0.107,0.037,-0.498,-0.109,0.085,-0.280,12.276,-14.652,-37.200,124.204,95.806,26.145,0.190,1.406,0.938,0.564,1,1,3,
0.113,0.011,-0.487,-0.154,0.099,-0.230,11.436,-13.764,-37.920,124.417,98.181,27.357,0.203,1.309,0.905,0.564,1,1,3,
0.126,0.050,-0.526,0.345,-0.065,-0.255,10.584,-13.152,-37.752,122.619,101.688,30.977,0.196,1.339,0.914,0.564,1,1,3,
0.125,0.099,-0.617,0.677,0.046,-0.126,7.812,-12.312,-38.652,122.075,104.078,34.786,0.189,1.361,0.920,0.564,1,1,3,
0.111,0.085,-0.573,0.743,0.033,-0.173,7.380,-13.044,-37.908,121.248,108.223,41.119,0.042,1.323,0.846,0.564,1,1,3,
0.108,0.025,-0.588,0.658,-0.083,-0.198,6.852,-12.696,-38.796,114.125,108.087,43.835,0.136,1.289,0.870,0.564,1,1,3,
0.108,0.051,-0.536,-0.163,0.006,-0.109,11.304,-13.680,-37.800,119.357,113.978,49.823,0.084,1.002,0.734,0.564,1,1,2,
0.135,0.086,-0.605,-1.236,0.084,-0.258,14.268,-14.160,-37.584,126.285,118.265,55.475,0.268,1.361,0.951,0.564,1,1,3,
0.116,0.034,-0.523,-0.943,0.219,-0.177,14.616,-14.688,-36.804,115.071,119.710,60.649,0.231,1.312,0.917,0.564,1,1,3,
-0.054,-0.003,-0.826,-0.370,-0.091,0.217,-0.972,22.284,-40.308,272.562,279.344,253.916,0.036,0.261,0.419,0.564,1,1,1,
-0.056,-0.105,-0.664,1.260,-0.350,-0.403,-13.596,22.500,-37.332,299.525,287.784,262.679,0.093,0.992,0.734,0.564,1,1,2,
-0.015,0.001,-0.550,-0.087,-0.083,-0.280,-11.220,21.324,-34.812,292.824,286.735,264.937,0.094,1.287,0.852,0.564,1,1,3,
-0.030,0.099,-0.491,0.424,-0.201,-0.259,-16.032,21.972,-34.860,289.454,291.993,270.259,0.144,1.374,0.907,0.564,1,1,3,
-0.007,0.127,-0.374,0.584,-0.486,-0.466,-15.828,21.384,-35.964,273.236,292.817,275.144,0.151,1.292,0.877,0.564,1,1,3,
-0.003,0.070,-0.544,-0.633,-0.024,-0.047,-12.468,20.208,-34.452,288.049,294.453,281.179,0.190,1.370,0.924,0.564,1,1,3,
-0.009,0.068,-0.527,-0.204,-0.064,-0.173,-12.720,21.096,-34.776,291.930,298.830,288.398,0.195,1.241,0.874,0.564,1,1,3
0.011,0.076,-0.667,1.080,-0.200,-0.173,-20.136,21.768,-34.644,302.332,309.768,311.070,0.099,1.000,0.740,0.510,1,1,2,
0.001,0.000,-0.721,-0.347,0.037,-0.086,-9.588,20.496,-33.708,293.254,304.012,312.699,0.102,1.224,0.830,0.510,1,1,3,
-0.002,0.000,-0.544,-0.079,0.168,-0.056,-11.328,20.196,-35.388,298.441,302.695,317.333,0.078,1.458,0.914,0.510,1,1,3,
0.008,0.152,-0.537,-0.407,-0.133,-0.116,-11.760,21.528,-34.536,286.302,303.818,322.140,0.112,1.314,0.870,0.510,1,1,3,
-0.003,0.020,-0.576,0.359,-0.089,-0.155,-13.128,23.100,-35.184,287.879,304.274,328.323,0.179,0.971,0.760,0.510,1,1,2,
0.005,0.069,-0.526,-0.322,0.015,-0.154,-9.840,22.140,-34.812,280.090,304.023,334.050,0.120,1.395,0.906,0.510,1,1,3,
0.042,0.074,-0.947,0.296,-0.258,-1.623,16.392,20.376,71.580,200.108,284.665,23.042,0.019,0.223,0.397,0.510,1,1,1,
0.121,0.141,-0.884,-0.701,0.309,-1.143,-7.752,-4.320,-35.772,73.839,76.185,132.209,0.002,0.990,0.697,0.510,1,1,2,
0.076,0.074,-0.694,-0.356,0.008,-0.224,7.356,-14.532,-37.260,120.181,59.995,179.364,0.005,0.675,0.572,0.510,1,1,2,
0.078,0.127,-0.725,-1.022,0.160,-0.183,10.848,-13.788,-38.412,133.439,66.551,185.516,0.039,1.235,0.810,0.510,1,1,2,
0.077,0.023,-0.601,-0.137,0.149,-0.111,10.716,-13.224,-37.824,122.644,67.596,187.071,0.064,1.439,0.901,0.510,1,1,3,
0.136,0.050,-0.558,-0.112,0.035,-0.289,9.072,-11.340,-38.448,121.943,69.094,190.573,0.102,1.307,0.864,0.510,1,1,3,
0.103,0.060,-0.623,-0.045,-0.010,-0.099,9.348,-11.652,-38.388,124.916,74.086,198.044,0.086,1.364,0.880,0.510,1,1,3,
0.112,0.048,-0.643,0.068,0.167,-0.250,9.336,-13.956,-37.848,120.822,77.454,202.413,0.064,1.304,0.847,0.510,1,1,3,
0.104,0.034,-0.697,0.327,-0.086,-0.085,8.172,-11.964,-38.136,117.378,78.210,205.804,0.073,1.374,0.879,0.510,1,1,3,
0.093,-0.002,-0.534,0.031,-0.018,-0.177,10.008,-12.900,-39.036,116.726,80.553,209.852,0.081,1.277,0.843,0.510,1,1,3,
0.140,0.022,-1.196,0.465,-0.149,-0.066,6.876,-12.204,-38.160,113.404,84.639,215.917,0.230,1.093,0.829,0.510,1,1,3,
0.083,0.119,-0.855,-1.507,0.039,-0.249,12.972,-15.024,-38.400,134.023,89.277,222.157,0.055,1.473,0.911,0.224,1,1,3
0.102,-0.022,-0.597,0.987,-0.114,-0.250,10.188,-37.044,-19.068,105.110,83.905,9.131,0.186,2.203,1.256,0.611,1,1,3,
0.104,-0.010,-0.732,-1.156,0.191,-0.159,18.360,-39.480,-14.436,113.033,104.664,18.049,0.180,1.033,0.785,0.611,1,1,2,
0.101,-0.023,-0.662,-0.964,0.276,-0.225,17.616,-40.656,-13.992,111.398,108.573,21.717,0.156,1.330,0.894,0.611,1,1,3,
0.110,-0.063,-0.638,-0.849,0.212,-0.300,18.072,-40.464,-13.344,111.596,110.360,24.756,0.102,1.316,0.867,0.611,1,1,3,
0.101,-0.070,-0.524,-0.613,0.163,-0.249,17.880,-40.464,-13.548,110.815,110.795,28.858,0.174,1.318,0.896,0.611,1,1,3,
0.109,-0.058,-0.538,-1.165,0.235,-0.286,18.120,-40.752,-13.692,110.452,112.517,32.157,0.340,1.332,0.968,0.611,1,1,3,
0.104,-0.040,-0.480,-0.546,0.403,-0.311,15.972,-39.120,-14.748,109.087,110.562,39.398,0.183,1.355,0.915,0.611,1,1,3,
0.120,-0.034,-0.537,-0.755,0.236,-0.297,16.164,-38.808,-15.252,109.232,108.178,44.131,0.179,1.339,0.907,0.611,1,1,3,
0.128,-0.003,-0.603,-0.853,0.169,-0.309,16.536,-38.232,-15.480,111.766,107.695,49.222,0.194,1.346,0.916,0.611,1,1,3,
0.122,0.034,-0.560,-0.623,0.133,-0.231,12.876,-38.148,-17.256,108.381,105.134,51.467,0.289,1.263,0.921,0.611,1,1,3,
0.083,0.023,-0.573,0.838,0.036,-0.063,7.896,-36.480,-19.212,102.580,101.630,56.445,0.215,0.837,0.721,0.325,1,1,2,
0.128,0.113,-0.696,1.321,-0.078,-0.047,5.280,-31.980,-22.320,104.383,102.871,60.763,0.139,0.982,0.748,0.325,1,1,2,
0.127,0.359,-0.840,-1.407,1.102,-2.530,4.836,-34.968,-21.720,108.156,125.501,100.762,0.016,0.649,0.566,0.325,1,1,2,
0.165,0.046,-1.070,0.338,-0.138,-0.553,-13.920,14.580,-14.868,317.348,265.596,255.716,0.012,0.773,0.614,0.325,1,1,2,
0.023,0.052,-0.540,0.597,-0.156,-0.135,-21.048,15.876,-10.164,322.376,299.968,265.983,0.046,1.416,0.885,0.325,1,1,3,
0.018,-0.012,-0.852,1.562,-0.173,-0.307,-21.972,15.708,-10.548,324.421,314.498,270.115,0.240,1.294,0.913,0.325,1,1,3,
-0.003,0.024,-0.611,-0.201,0.028,-0.149,-19.140,12.228,-13.092,326.409,326.914,277.734,0.117,0.803,0.668,0.325,1,1,2,
0.017,0.034,-0.591,-0.153,-0.078,-0.060,-18.156,12.708,-13.440,325.189,327.088,281.308,0.098,1.366,0.886,0.325,1,1,3,
0.027,0.033,-0.541,-0.265,-0.006,-0.073,-16.344,13.884,-13.236,319.609,323.225,283.380,0.067,1.319,0.854,0.325,1,1,3,
-0.058,0.040,-0.552,0.049,0.287,-0.449,-21.108,13.020,-12.528,322.573,323.658,277.778,0.076,1.009,0.734,0.325,1,1,2,
-0.009,-0.010,-0.628,1.196,0.117,-0.072,-22.776,13.176,-10.992,330.944,331.514,286.412,0.169,1.302,0.889,0.325,1,1,3
0.069,-0.044,-0.697,0.668,0.156,-0.132,7.728,-22.320,-16.032,105.853,291.225,6.340,0.116,1.376,0.896,0.291,1,1,3,
0.037,-0.060,-0.658,0.459,0.155,-0.020,9.228,-23.748,-15.012,107.407,296.465,9.894,0.094,1.309,0.861,0.605,1,1,3,
0.051,-0.003,-0.730,0.862,0.093,-0.085,4.752,-22.872,-17.172,101.118,300.698,14.022,0.100,1.359,0.884,0.605,1,1,3,
0.051,-0.057,-0.612,0.435,0.072,-0.073,10.416,-23.652,-14.784,110.145,305.980,17.345,0.094,1.277,0.849,0.605,1,1,3,
0.128,-0.005,-0.824,-1.157,-0.443,-0.181,13.092,-23.100,-13.308,116.200,311.786,22.969,0.082,-0.010,0.329,0.605,1,1,1,
0.072,-0.033,-0.666,-0.466,0.103,-0.094,12.228,-24.900,-13.680,113.438,329.017,26.395,0.093,1.337,0.872,0.605,1,1,3,
0.060,-0.106,-0.704,0.050,0.113,-0.145,11.436,-25.980,-12.636,109.814,351.788,32.729,0.161,1.332,0.897,0.605,1,1,3,
0.047,-0.008,-0.675,0.614,-0.199,-0.082,7.656,-23.160,-15.420,107.316,13.055,38.233,0.066,1.328,0.857,0.605,1,1,3,
0.059,-0.070,-0.648,-0.584,0.130,-0.048,12.456,-26.628,-12.072,111.262,47.958,41.176,0.081,0.951,0.713,0.605,1,1,2,
0.044,-0.094,-0.674,-0.608,-0.089,-0.020,13.788,-25.896,-11.448,113.896,80.788,43.017,0.025,1.250,0.810,0.605,1,1,2,
0.061,-0.109,-0.573,0.039,-0.015,-0.136,11.652,-24.756,-12.648,108.419,97.979,47.083,0.087,1.346,0.873,0.605,1,1,3,
0.073,-0.040,-0.779,-0.900,0.178,-0.061,13.524,-26.640,-10.980,114.834,110.029,49.184,0.129,1.002,0.752,0.605,1,1,2,
-0.212,-0.103,-0.887,-0.129,-0.100,-2.082,14.892,-17.904,-14.052,132.726,161.019,130.321,0.012,0.441,0.481,0.605,1,1,1,
0.029,0.090,-1.017,-0.024,0.421,0.010,-11.088,16.884,-23.520,303.137,306.663,254.455,0.003,0.445,0.479,0.605,1,1,1,
-0.014,0.037,-0.625,0.793,-0.020,-0.126,-15.912,18.372,-21.696,307.185,313.981,261.351,0.008,1.276,0.813,0.605,1,1,2,
0.023,-0.035,-0.654,1.226,-0.165,0.036,-14.340,21.420,-19.560,300.707,311.052,266.161,0.072,0.825,0.659,0.605,1,1,2,
0.038,0.053,-0.626,0.258,-0.182,-0.141,-13.512,19.944,-21.276,302.194,305.621,274.517,0.087,0.923,0.704,0.605,1,1,2,
0.037,0.123,-0.592,0.487,-0.214,-0.129,-14.376,20.664,-20.976,294.557,306.135,278.490,0.083,1.304,0.855,0.605,1,1,3,
0.025,0.048,-0.656,-0.215,-0.100,-0.079,-10.788,18.036,-22.044,298.481,308.089,287.190,0.127,1.368,0.898,0.605,1,1,3
-0.011,0.034,-0.731,0.793,-0.051,-0.065,-15.492,17.604,-21.204,305.837,313.215,303.530,0.142,1.340,0.893,0.587,1,1,3,
0.026,-0.089,-1.031,-1.104,0.078,-0.124,-5.556,16.572,-24.912,295.898,310.223,305.547,0.196,1.815,1.104,0.301,1,1,3,
0.044,0.040,-0.649,-0.180,0.019,-0.199,-11.460,18.936,-21.516,299.843,309.350,311.791,0.058,0.996,0.722,0.301,1,1,2,
0.042,0.053,-0.630,-0.266,-0.131,-0.126,-10.932,18.552,-21.996,300.158,309.754,316.377,0.093,1.269,0.845,0.301,1,1,3,
-0.020,0.049,-0.787,0.979,0.024,-0.232,-15.708,18.432,-20.484,305.527,308.766,321.034,0.118,1.002,0.748,0.301,1,1,2,
0.047,0.018,-0.999,0.543,-0.062,-1.370,-6.840,-22.500,-24.780,79.402,81.913,121.547,0.009,0.262,0.408,0.301,1,1,1,
0.139,-0.090,-0.684,-0.406,0.109,-0.140,14.592,-18.468,-24.024,115.665,100.243,134.699,0.008,1.385,0.857,0.301,1,1,3,
0.096,-0.073,-0.666,-0.228,0.171,-0.090,14.640,-17.904,-23.616,117.447,105.577,137.591,0.052,1.321,0.849,0.301,1,1,3,
0.055,-0.063,-0.701,-1.125,-0.063,-0.207,15.816,-19.932,-22.584,116.662,111.233,141.825,0.066,1.294,0.844,0.301,1,1,3,
0.037,-0.036,-0.641,-0.292,0.060,-0.042,12.132,-21.084,-23.136,116.189,111.148,146.259,0.080,1.362,0.877,0.301,1,1,3,
0.090,-0.029,-0.746,-0.971,0.525,-0.222,15.024,-21.600,-22.176,116.329,112.776,150.617,0.066,1.304,0.848,0.301,1,1,3,
0.058,-0.053,-0.609,-0.325,0.354,-0.230,13.704,-20.832,-22.488,117.365,113.355,154.216,0.066,1.383,0.880,0.301,1,1,3,
0.084,-0.023,-0.656,0.139,0.026,-0.053,10.884,-19.380,-25.080,113.136,113.474,159.315,0.098,1.328,0.870,0.301,1,1,3,
0.079,-0.054,-0.660,0.171,0.122,-0.121,9.708,-19.524,-24.996,110.214,113.669,163.849,0.068,1.342,0.864,0.301,1,1,3,
0.100,0.080,-0.892,-1.317,0.000,-0.118,14.496,-19.776,-22.668,122.850,115.126,169.432,0.067,0.999,0.726,0.301,1,1,2,
0.089,-0.081,-0.664,-0.627,0.551,-0.210,16.524,-21.624,-21.204,117.635,116.847,174.551,0.088,0.659,0.599,0.301,1,1,2,
0.117,0.067,-0.807,-1.180,0.128,0.035,13.416,-19.524,-22.860,122.571,114.908,180.161,0.074,1.024,0.739,0.301,1,1,2,
0.079,0.006,-0.878,-0.546,-0.092,-0.048,13.488,-18.744,-23.508,122.356,114.921,186.684,0.082,1.241,0.829,0.301,1,1,3,
0.082,-0.055,-0.671,-0.768,-0.224,-0.083,15.444,-18.372,-22.800,122.136,117.531,190.548,0.122,1.425,0.918,0.301,1,1,3,
0.050,-0.069,-0.644,-0.425,0.176,-0.249,15.960,-20.484,-22.428,120.811,120.779,200.720,0.138,1.321,0.883,0.301,1,1,3
0.052,-0.060,-0.664,0.116,0.452,-0.085,14.004,-20.700,-23.760,118.227,122.306,210.439,0.106,1.319,0.870,0.710,1,1,3,
0.120,-0.082,-0.669,0.340,0.044,-0.027,13.368,-16.248,-25.488,117.392,125.339,215.889,0.042,1.376,0.867,0.710,1,1,3,
0.195,0.033,-0.955,0.162,-0.003,-0.129,8.892,-15.024,-28.536,119.118,119.487,233.255,0.012,0.332,0.438,0.710,1,1,1,
-0.133,0.022,-0.896,0.106,-0.116,2.122,-25.056,-5.688,-18.996,77.146,336.019,127.435,0.001,0.154,0.362,0.710,1,1,1,
0.027,0.038,-0.624,-0.190,0.176,-0.128,-9.888,17.388,-22.968,297.132,309.279,105.808,0.013,0.769,0.613,0.710,1,1,2,
0.045,0.059,-0.686,-0.058,0.036,-0.167,-11.412,18.024,-22.872,299.872,307.185,109.454,0.039,1.397,0.874,0.710,1,1,3,
0.059,0.076,-0.568,0.287,-0.162,-0.197,-14.232,18.468,-21.672,302.693,308.870,114.393,0.081,1.326,0.863,0.710,1,1,3,
0.018,0.046,-0.709,0.878,-0.010,-0.127,-17.148,17.256,-20.964,312.809,312.363,119.773,0.152,1.351,0.902,0.710,1,1,3,
0.065,0.033,-0.756,0.939,0.125,-0.106,-15.972,18.168,-20.832,309.238,314.895,124.049,0.259,1.292,0.920,0.710,1,1,3,
0.053,0.062,-0.623,-0.740,0.331,-0.107,-11.904,16.644,-22.956,303.570,314.376,130.495,0.128,0.810,0.675,0.710,1,1,2,
0.044,0.057,-0.673,-0.516,0.119,-0.085,-13.476,17.100,-22.740,305.054,314.615,135.602,0.131,1.323,0.881,0.710,1,1,3,
0.025,0.094,-0.626,-0.421,0.143,-0.112,-13.380,16.092,-23.064,303.724,314.376,140.896,0.132,1.387,0.908,0.710,1,1,3,
0.004,-0.010,-0.777,-0.784,0.205,-0.108,-9.612,15.780,-23.760,304.047,311.424,143.327,0.129,1.233,0.845,0.710,1,1,3,
0.048,0.063,-0.596,-0.225,0.083,-0.178,-10.476,16.584,-23.136,301.626,310.262,147.577,0.027,1.414,0.877,0.710,1,1,3
0.056,-0.088,-0.667,-0.788,0.194,-0.108,18.228,-22.392,-20.052,121.933,333.680,8.233,0.074,1.008,0.733,0.657,1,1,2,
0.078,-0.003,-0.736,-0.920,0.449,-0.164,16.284,-22.212,-21.084,122.092,342.642,12.327,0.146,1.294,0.876,0.657,1,1,3,
0.073,-0.064,-0.686,-0.496,0.245,-0.086,14.940,-20.316,-22.776,119.148,356.686,17.089,0.098,1.366,0.886,0.657,1,1,3,
0.078,-0.053,-0.619,-0.735,0.104,-0.108,17.028,-20.520,-21.600,121.402,8.788,19.270,0.064,1.300,0.846,0.371,1,1,3,
0.053,-0.037,-0.562,-0.249,0.278,-0.138,14.028,-20.388,-22.356,119.591,26.546,22.960,0.080,1.376,0.882,0.371,1,1,3,
0.055,0.019,-0.590,0.734,0.033,-0.193,9.420,-18.600,-25.080,116.169,43.987,27.593,0.131,0.951,0.733,0.371,1,1,2,
0.126,-0.004,-0.743,-1.065,-0.141,-0.242,15.972,-17.664,-22.656,126.332,64.857,35.655,0.030,1.799,1.031,0.371,1,1,3,
0.081,-0.002,-0.619,0.784,-0.346,-0.093,7.776,-17.088,-26.652,111.651,89.794,39.932,0.091,0.783,0.650,0.371,1,1,2,
0.070,-0.001,-0.723,-1.360,0.052,0.027,17.556,-19.104,-21.780,128.058,104.695,40.984,0.056,1.009,0.726,0.371,1,1,2,
0.089,0.024,-0.698,-1.150,0.017,-0.091,16.404,-19.536,-22.068,126.609,111.983,43.301,0.107,1.350,0.882,0.371,1,1,3,
0.114,0.013,-0.712,-1.696,-0.165,-0.011,18.168,-19.128,-21.408,128.152,116.612,45.907,0.310,1.326,0.955,0.371,1,1,3,
0.074,-0.014,-0.652,-0.826,0.143,-0.159,16.932,-20.700,-20.856,124.887,121.497,50.795,0.163,1.377,0.916,0.371,1,1,3,
-0.067,-0.100,-0.949,-0.059,0.085,-0.113,-5.184,15.468,-29.292,294.673,296.332,244.731,0.013,0.303,0.427,0.371,1,1,1,
0.006,0.045,-0.596,0.314,-0.155,-0.138,-10.356,18.912,-26.100,290.583,298.922,247.385,0.003,1.383,0.854,0.371,1,1,3,
0.043,0.072,-0.682,1.505,0.166,-0.209,-14.556,18.744,-24.576,300.718,304.545,252.683,0.087,1.279,0.846,0.371,1,1,3,
-0.050,-0.047,-0.880,1.390,0.011,-0.201,-13.356,17.400,-25.500,305.346,307.987,259.826,0.160,1.389,0.919,0.371,1,1,3,
-0.008,-0.006,-0.773,-1.022,0.204,-0.032,-6.204,16.260,-27.936,291.440,306.829,264.895,0.126,0.781,0.663,0.371,1,1,2,
0.031,0.041,-0.576,-0.037,-0.085,-0.202,-10.428,18.516,-26.256,295.289,309.113,268.250,0.017,1.385,0.861,0.371,1,1,3,
0.020,0.026,-0.594,0.806,-0.297,-0.301,-12.828,20.208,-24.636,301.308,311.517,274.401,0.236,1.300,0.915,0.371,1,1,3
0.006,0.025,-0.572,0.365,-0.027,-0.149,-12.792,18.492,-25.296,303.007,311.327,289.167,0.107,1.333,0.876,0.462,1,1,3,
0.036,0.034,-0.486,0.744,-0.230,-0.159,-13.476,19.752,-24.708,303.461,310.502,291.896,0.240,1.401,0.956,0.462,1,1,3,
0.013,-0.001,-0.594,0.939,-0.162,-0.207,-12.804,19.392,-24.924,302.162,309.709,298.147,0.156,1.309,0.886,0.462,1,1,3,
-0.001,-0.008,-0.738,0.978,0.003,-0.138,-14.376,18.192,-25.452,306.564,310.808,302.868,0.194,1.311,0.902,0.462,1,1,3,
-0.005,-0.024,-0.659,-0.345,0.116,-0.074,-8.160,15.240,-27.576,299.261,307.966,303.841,0.136,1.129,0.806,0.462,1,1,2,
-0.046,-0.077,-1.065,0.094,-0.032,-0.110,-7.428,15.372,-29.052,300.627,309.289,315.070,0.074,0.576,0.560,0.462,1,1,2,
0.028,0.028,-0.607,0.725,-0.296,-0.172,-13.620,19.968,-24.624,302.264,305.394,322.458,0.082,0.837,0.667,0.462,1,1,2,
0.053,0.046,-0.613,-0.229,0.158,-0.117,-11.376,18.516,-26.232,299.989,307.931,330.116,0.121,0.763,0.654,0.462,1,1,2,
0.035,0.025,-0.501,-0.245,0.052,-0.117,-9.420,17.448,-26.232,295.511,306.882,334.909,0.016,1.416,0.873,0.462,1,1,3,
0.019,-0.004,-0.641,0.401,-0.042,-0.191,-12.180,18.144,-25.380,303.281,308.152,341.216,0.161,1.300,0.885,0.462,1,1,3,
0.033,-0.023,-0.658,-0.632,-0.071,-0.111,-6.492,17.484,-27.468,293.989,304.019,347.738,0.134,0.818,0.681,0.462,1,1,2,
-0.011,0.061,-0.605,0.653,-0.142,-0.242,-15.156,18.756,-24.960,302.397,306.347,352.889,0.056,1.319,0.850,0.462,1,1,3,
0.010,-0.001,-0.635,0.899,0.036,-0.073,-13.440,18.912,-25.272,302.784,305.481,355.614,0.121,1.333,0.882,0.462,1,1,3,
0.021,-0.010,-0.736,1.214,-0.060,-0.125,-14.532,19.332,-24.780,306.940,306.499,287.462,0.064,1.326,0.856,0.462,1,1,3,
0.030,0.007,-0.498,0.564,0.018,-0.084,-13.548,18.108,-25.188,303.978,307.589,5.919,0.095,0.799,0.658,0.462,1,1,2,
0.008,-0.058,-0.763,-1.040,0.204,-0.026,-6.600,16.848,-27.960,297.334,305.051,12.110,0.214,0.789,0.701,0.462,1,1,2,
0.008,-0.080,-1.288,0.482,0.110,-0.074,-9.516,18.048,-26.436,300.079,305.676,16.593,0.307,1.147,0.881,0.462,1,1,3,
0.032,0.004,-0.710,0.989,-0.109,-0.039,-14.868,19.572,-24.444,304.898,303.311,21.397,0.137,1.350,0.894,0.462,1,1,3,
-0.011,-0.045,-0.743,0.030,0.075,-0.132,-9.492,15.468,-28.056,305.033,305.117,28.700,0.111,0.816,0.671,0.462,1,1,2
0.089,0.017,-0.740,-0.680,0.074,-0.355,12.276,-19.404,-28.032,116.650,99.255,209.454,0.004,0.575,0.532,0.200,1,1,1,
0.055,0.057,-0.717,1.032,-0.192,-0.051,6.432,-18.264,-30.324,112.077,99.299,211.960,0.083,2.053,1.154,0.200,1,1,3,
0.070,0.024,-0.558,0.771,-0.116,-0.119,7.560,-16.260,-30.360,116.730,103.377,219.999,0.084,1.111,0.778,0.200,1,1,2,
0.062,-0.009,-0.623,0.236,0.140,-0.209,10.476,-19.656,-28.752,114.568,104.097,221.905,0.097,1.664,1.004,0.200,1,1,3,
0.050,0.053,-0.661,0.285,0.060,-0.227,9.396,-20.316,-28.128,116.689,111.652,230.953,0.070,1.333,0.861,0.200,1,1,3,
0.102,0.035,-0.934,-0.608,1.294,-1.358,12.132,-19.260,-26.112,125.190,128.225,254.692,0.075,1.337,0.865,0.200,1,1,3,
0.075,0.033,-0.865,-1.412,0.002,0.040,18.588,-15.828,-25.260,137.405,123.778,256.107,0.101,0.778,0.652,0.200,1,1,2,
0.072,-0.017,-0.592,0.019,0.115,-0.089,13.200,-13.656,-27.960,127.626,122.184,261.890,0.067,0.826,0.657,0.200,1,1,2,
0.070,-0.014,-0.674,-0.990,0.075,-0.158,17.040,-15.948,-26.232,127.740,123.372,266.626,0.189,1.342,0.913,0.200,1,1,3,
0.083,-0.025,-0.610,0.409,0.073,-0.209,10.284,-13.812,-28.872,117.856,122.780,275.848,0.109,0.796,0.662,0.200,1,1,2,
0.083,-0.033,-0.602,-0.779,0.174,-0.147,15.960,-15.096,-26.124,127.440,126.546,281.644,0.072,1.287,0.844,0.200,1,1,3,
0.082,-0.038,-0.628,-0.639,0.099,-0.136,15.072,-13.980,-27.012,127.941,126.656,287.878,0.130,1.414,0.918,0.200,1,1,3,
0.071,-0.020,-0.584,0.147,-0.002,-0.139,12.108,-13.068,-28.944,124.386,128.947,298.637,0.151,0.781,0.673,0.200,1,1,2,
0.075,-0.015,-0.550,-0.364,-0.023,-0.136,14.160,-13.848,-27.720,128.151,127.777,303.747,0.067,1.353,0.868,0.200,1,1,3,
0.122,0.058,-0.972,-1.736,0.190,-0.064,17.808,-13.968,-26.520,138.392,127.790,308.097,0.133,-0.010,0.349,0.200,1,1,1,
0.088,0.030,-0.622,-0.421,0.059,-0.200,13.764,-14.016,-27.588,130.075,124.590,315.194,0.082,0.814,0.658,0.200,1,1,2,
-0.004,0.080,-0.853,-1.224,1.028,-0.943,13.080,-18.948,-25.812,129.803,127.523,321.366,0.099,1.353,0.881,0.514,1,1,3,
0.092,-0.055,-0.673,0.305,-0.060,-0.147,14.484,-12.024,-28.008,127.295,129.799,332.425,0.052,0.784,0.635,0.514,1,1,2,
0.057,-0.013,-0.642,-0.219,-0.260,-0.059,14.760,-14.196,-27.000,131.293,130.860,336.797,0.047,1.326,0.849,0.514,1,1,3,
0.057,-0.041,-0.654,-0.147,0.005,-0.118,15.036,-13.380,-27.372,129.601,131.194,342.155,0.062,1.377,0.876,0.514,1,1,3,
0.042,0.010,-0.647,-1.124,0.100,-0.213,18.192,-14.256,-26.028,138.436,131.248,346.465,0.119,1.287,0.863,0.514,1,1,3
0.100,-0.014,-0.617,-0.287,0.166,-0.109,17.316,-13.980,-25.200,131.156,86.136,15.201,0.043,1.447,0.896,0.300,1,1,3,
0.074,-0.032,-0.538,-0.158,0.057,-0.108,14.556,-13.788,-25.392,126.738,95.412,18.472,0.089,1.266,0.842,0.721,1,1,3,
0.072,0.085,-0.649,1.060,0.209,-0.180,10.392,-13.932,-27.300,128.590,106.090,23.762,0.130,1.393,0.909,0.721,1,1,3,
0.115,0.092,-0.763,-1.313,-0.146,-0.171,17.796,-12.348,-24.444,141.428,119.093,31.289,0.147,0.975,0.749,0.721,1,1,2,
0.081,0.062,-0.594,0.154,0.255,-0.159,13.224,-13.800,-25.464,132.682,117.780,31.748,0.034,1.311,0.838,0.721,1,1,3,
0.115,0.118,-0.633,0.825,0.029,-0.116,6.948,-11.160,-28.152,126.326,118.634,35.830,0.083,1.406,0.896,0.721,1,1,3,
0.115,0.135,-0.614,-1.016,-0.090,-0.171,11.928,-11.256,-26.880,135.071,122.416,44.344,0.102,1.002,0.742,0.721,1,1,2,
0.106,0.158,-0.612,0.978,0.541,-0.243,5.844,-11.496,-28.476,129.162,118.307,50.717,0.067,1.239,0.822,0.721,1,1,2,
0.091,0.166,-0.645,1.153,0.052,-0.155,7.044,-11.040,-28.452,132.839,119.068,56.938,0.099,1.456,0.922,0.721,1,1,3,
0.138,0.131,-0.710,-1.384,-0.094,-0.397,16.716,-10.224,-25.620,144.040,122.707,62.321,0.117,0.992,0.744,0.721,1,1,2,
0.103,0.086,-0.584,-0.759,-0.061,-0.138,15.108,-12.240,-25.740,141.072,120.713,63.716,0.083,1.311,0.858,0.721,1,1,3,
0.120,0.056,-0.526,-0.159,0.320,-0.322,14.316,-11.904,-25.776,133.729,121.723,69.634,0.132,1.346,0.891,0.721,1,1,3,
0.161,0.043,-0.508,0.198,0.225,-0.227,14.964,-9.204,-27.444,138.005,123.996,71.475,0.194,1.344,0.915,0.721,1,1,3,
0.121,0.096,-0.524,-0.638,0.087,-0.237,17.748,-10.248,-25.752,146.380,130.412,79.993,0.113,0.936,0.720,0.721,1,1,2,
0.153,0.167,-0.739,-1.131,-0.331,-0.347,15.384,-8.520,-26.940,146.519,134.999,88.073,0.176,1.475,0.960,0.721,1,1,3,
0.165,0.107,-0.721,-1.500,-0.263,-0.291,18.588,-8.820,-25.824,146.195,136.982,93.521,0.135,-0.017,0.347,0.721,1,1,1,
0.142,0.088,-1.003,-0.631,0.487,-1.256,8.952,26.868,-22.620,243.795,250.858,221.073,0.018,-0.026,0.297,0.721,1,1,1,
-0.087,-0.156,-0.713,1.040,-0.092,-0.368,-13.116,15.588,-23.376,312.484,313.227,275.944,0.046,0.795,0.636,0.721,1,1,2,
-0.009,-0.049,-0.540,-0.720,0.087,-0.185,-12.516,16.188,-24.204,310.594,309.078,283.420,0.250,0.800,0.720,0.721,1,1,2
0.117,0.014,-0.724,0.400,0.307,-0.244,18.864,-9.840,-31.284,142.884,298.056,19.417,0.024,1.376,0.860,0.332,1,1,3,
0.143,-0.036,-0.756,-0.461,0.208,-0.123,25.116,-10.104,-27.924,146.790,299.774,28.191,0.054,0.993,0.719,0.332,1,1,2,
0.689,0.088,-0.958,-2.675,2.065,3.681,19.884,-2.640,-35.820,149.252,276.047,53.043,0.003,0.102,0.342,0.332,1,1,1,
-0.037,0.184,-0.798,-0.091,-0.286,-0.103,5.160,-7.728,-38.340,163.402,331.273,100.346,0.026,1.368,0.857,0.332,1,1,3,
0.074,0.059,-0.526,-0.119,0.194,-0.133,15.828,-12.168,-33.300,140.950,345.856,108.624,0.024,1.323,0.839,0.332,1,1,3,
0.181,-0.221,0.596,-1.427,-0.558,-0.002,17.880,-7.752,-34.116,94.945,344.040,109.737,0.059,0.988,0.719,0.332,1,1,2,
0.116,0.007,-0.689,-0.387,0.030,-0.200,22.188,-8.952,-30.600,145.079,7.886,115.243,0.629,1.012,0.957,0.332,1,1,3,
0.088,0.062,-0.847,-0.337,-0.124,-0.060,17.124,-11.844,-31.716,141.505,10.860,118.474,0.190,1.339,0.911,0.332,1,1,3,
0.101,0.095,-0.713,-1.041,0.103,-0.033,18.228,-11.844,-30.084,144.722,17.573,120.079,0.042,1.333,0.850,0.332,1,1,3,
0.104,0.079,-0.738,-0.931,0.084,-0.117,19.212,-14.556,-26.748,138.509,31.047,123.526,0.089,1.339,0.871,0.332,1,1,3,
0.115,0.060,-0.735,-0.590,-0.082,-0.162,18.348,-12.276,-29.016,142.009,46.710,128.899,0.039,1.328,0.847,0.332,1,1,3
0.087,0.020,-0.790,-0.581,0.035,-0.033,20.388,-12.336,-28.716,143.755,84.241,139.571,0.067,0.999,0.726,0.278,1,1,2,
0.122,0.012,-0.728,-0.780,0.148,-0.170,23.064,-11.400,-26.508,145.019,98.770,145.711,0.070,1.321,0.856,0.278,1,1,3,
0.126,0.012,-0.695,-0.409,-0.225,-0.152,21.528,-10.356,-29.196,144.508,110.276,150.759,0.080,1.359,0.876,0.278,1,1,3,
0.151,0.081,-0.800,0.039,0.229,-0.139,19.236,-10.980,-30.468,144.176,120.106,154.750,0.050,1.284,0.833,0.278,1,1,3,
-0.074,0.036,-1.055,-0.636,0.035,-2.721,15.084,-5.424,-34.548,169.420,230.883,252.897,0.002,0.129,0.353,0.278,1,1,1,
-0.059,-0.227,-0.933,0.234,0.568,0.020,-6.600,14.112,-31.908,314.352,335.004,9.836,0.012,0.770,0.613,0.278,1,1,2,
-0.041,-0.067,-0.797,0.926,-0.115,-0.302,-18.132,18.396,-27.144,316.418,332.607,13.110,0.016,1.458,0.890,0.278,1,1,3,
0.020,0.020,-0.564,0.175,0.171,-0.187,-20.436,18.204,-25.140,319.426,328.328,21.986,0.122,0.805,0.671,0.278,1,1,2,
0.017,0.009,-0.707,-0.062,0.255,-0.351,-20.568,18.096,-25.488,319.039,333.991,34.837,0.047,1.304,0.840,0.278,1,1,3,
0.012,0.015,-0.591,0.516,0.073,-0.164,-24.492,17.712,-22.680,323.525,331.010,38.357,0.098,1.256,0.842,0.278,1,1,3,
0.036,-0.033,-0.719,-0.546,0.226,-0.053,-17.988,19.248,-27.420,316.741,317.056,31.359,0.243,1.449,0.977,0.591,1,1,3,
0.032,-0.078,-0.756,-0.366,0.021,-0.136,-14.724,19.572,-27.804,313.043,315.719,33.932,0.061,1.299,0.844,0.591,1,1,3,
0.045,-0.067,-0.723,-0.153,0.061,-0.127,-15.156,19.116,-27.720,314.568,314.341,38.348,0.062,1.328,0.856,0.591,1,1,3,
0.030,-0.043,-0.599,-0.002,-0.001,-0.115,-18.120,19.380,-25.992,317.565,315.530,44.221,0.072,1.342,0.866,0.591,1,1,3,
0.024,-0.029,-0.602,0.174,-0.298,-0.283,-17.316,20.328,-24.396,313.719,315.704,48.816,0.132,1.374,0.902,0.591,1,1,3
0.018,-0.115,-0.659,-0.378,0.136,-0.212,-13.752,19.296,-27.408,314.190,311.612,59.248,0.066,1.351,0.867,0.649,1,1,3,
0.031,-0.133,-0.711,-0.267,0.045,-0.276,-13.992,19.908,-27.984,314.088,314.094,67.612,0.058,1.305,0.845,0.649,1,1,3,
-0.004,-0.135,-0.614,0.310,0.176,-0.202,-20.388,20.472,-24.744,321.978,313.777,71.170,0.067,1.299,0.846,0.649,1,1,3,
0.033,-0.045,-0.588,-0.349,0.025,-0.164,-14.268,20.316,-27.252,310.770,311.784,75.704,0.066,1.376,0.877,0.649,1,1,3,
0.019,-0.115,-0.756,-0.614,-0.068,-0.161,-12.564,18.912,-27.876,311.097,310.289,78.662,0.112,1.290,0.861,0.649,1,1,3,
0.024,-0.101,-0.699,-0.537,0.006,-0.238,-13.524,19.116,-28.224,313.713,309.012,81.893,0.070,1.377,0.879,0.649,1,1,3,
-0.026,-0.057,-0.841,0.977,-0.155,-0.360,-22.668,18.012,-23.940,323.406,314.712,90.953,0.062,0.993,0.722,0.649,1,1,2,
0.040,-0.118,-1.004,1.116,0.254,-0.082,-22.764,20.004,-24.228,322.964,315.687,92.882,0.055,1.304,0.844,0.649,1,1,3,
-0.007,-0.085,-0.749,1.060,0.108,-0.318,-22.656,19.824,-22.872,321.156,315.855,96.761,0.060,1.366,0.870,0.649,1,1,3,
-0.002,-0.078,-0.860,0.869,0.160,-0.141,-20.688,18.864,-25.092,322.049,316.877,101.259,0.054,1.342,0.858,0.649,1,1,3,
0.038,-0.118,-0.775,-0.670,-0.390,-0.113,-14.376,20.100,-28.116,313.733,313.118,106.567,0.076,0.803,0.651,0.649,1,1,2,
0.016,-0.096,-0.644,-0.236,-0.104,-0.322,-13.572,18.252,-28.680,315.069,312.109,110.668,0.065,1.328,0.857,0.649,1,1,3,
0.020,-0.069,-0.640,-0.419,0.128,-0.166,-13.152,18.216,-28.140,312.821,311.622,115.977,0.104,1.333,0.875,0.649,1,1,3,
0.000,-0.039,-0.639,0.594,0.298,-0.096,-20.280,17.004,-25.380,322.382,314.869,122.452,0.094,1.277,0.848,0.649,1,1,3,
-0.028,-0.076,-0.631,0.374,-0.075,-0.036,-21.732,16.944,-24.384,323.797,314.959,127.156,0.100,1.404,0.902,0.649,1,1,3,
0.046,-0.108,-0.652,0.784,0.519,0.200,-21.300,18.384,-24.048,325.066,314.846,130.601,0.115,1.319,0.874,0.649,1,1,3,
-0.032,-0.064,-0.659,0.939,0.133,-0.102,-21.192,18.792,-23.760,319.926,313.786,133.649,0.105,-0.025,0.332,0.649,1,1,1,
0.034,-0.025,-0.475,0.024,0.115,-0.182,-17.400,18.660,-26.400,318.119,311.171,133.533,0.062,-0.017,0.318,0.649,1,1,1,
0.033,-0.090,-0.635,-0.180,0.248,-0.138,-16.476,18.252,-27.984,319.043,316.497,144.547,0.083,0.954,0.715,0.649,1,1,2,
0.013,-0.054,-0.621,0.290,-0.057,-0.158,-17.928,19.452,-25.896,317.960,313.594,148.321,0.097,1.309,0.862,0.649,1,1,3,
-0.021,-0.058,-0.907,0.218,-0.125,0.097,-15.360,16.500,-29.148,315.692,310.700,151.687,0.085,1.346,0.872,0.649,1,1,3,
-0.019,0.066,-0.909,0.162,-0.257,2.510,6.876,13.488,-31.176,239.658,216.894,75.003,0.003,0.503,0.502,0.649,1,1,1
0.097,0.101,-0.797,-0.830,0.063,-0.144,20.112,-11.712,-30.252,147.789,129.106,3.434,0.049,1.328,0.851,0.248,1,1,3,
0.086,0.036,-0.870,-0.345,-0.206,-0.019,19.032,-12.996,-30.576,142.464,129.433,7.829,0.036,1.297,0.833,0.248,1,1,3,
0.069,0.075,-0.814,-0.738,-0.095,-0.099,23.184,-13.428,-28.788,149.153,139.501,21.697,0.013,0.817,0.632,0.248,1,1,2,
0.047,0.081,-0.667,-0.207,0.011,-0.140,19.848,-12.384,-29.772,149.056,139.810,28.859,0.048,0.783,0.632,0.248,1,1,2,
0.038,0.120,-0.766,-0.398,-0.107,-0.059,19.572,-13.020,-29.628,148.165,137.053,30.633,0.059,1.376,0.874,0.248,1,1,3,
0.058,0.144,-0.658,-0.332,-0.217,-0.051,15.504,-13.128,-31.620,144.509,133.936,33.722,0.067,1.230,0.819,0.248,1,1,2,
0.066,0.109,-0.764,0.172,-0.094,-0.120,16.308,-11.856,-31.680,144.243,138.149,44.027,0.048,0.840,0.655,0.561,1,1,2,
0.104,0.123,-0.615,-0.052,-0.042,-0.178,19.500,-11.904,-30.012,148.712,138.507,49.168,0.045,1.332,0.851,0.561,1,1,3,
0.059,0.118,-0.754,-0.335,0.064,-0.143,18.552,-12.360,-30.108,147.854,138.341,53.778,0.072,1.328,0.860,0.561,1,1,3,
-0.071,-0.030,-0.935,-1.089,-0.114,-0.036,23.916,-11.652,-27.348,154.394,143.942,62.467,0.113,1.309,0.869,0.561,1,1,3,
0.072,0.090,-0.884,-1.201,-0.149,-0.238,25.392,-12.552,-27.048,152.377,142.043,66.027,0.005,1.006,0.705,0.561,1,1,2,
0.077,0.078,-0.703,-0.079,-0.060,-0.077,19.932,-12.096,-30.192,147.418,138.411,67.911,0.103,0.806,0.663,0.561,1,1,2,
0.076,0.085,-0.741,-0.092,0.081,-0.030,20.844,-11.628,-29.748,148.749,140.796,73.284,0.044,1.335,0.852,0.561,1,1,3,
0.093,0.078,-0.737,-0.386,0.071,-0.235,21.672,-12.984,-28.644,146.822,143.366,78.268,0.056,1.340,0.859,0.561,1,1,3,
0.095,0.113,-0.923,-1.262,-0.312,-0.143,24.948,-12.120,-26.916,152.514,142.685,79.729,0.057,1.289,0.838,0.561,1,1,3,
0.097,0.082,-0.913,-1.024,-0.118,-0.095,25.080,-11.076,-27.924,153.707,144.996,85.549,0.024,1.377,0.860,0.561,1,1,3,
0.079,0.071,-0.770,-0.025,-0.027,-0.111,18.948,-12.432,-31.272,143.038,140.785,86.678,0.036,0.793,0.632,0.561,1,1,2,
0.076,0.142,-0.822,-0.200,-0.079,-0.234,18.168,-12.444,-31.860,146.483,141.838,92.076,0.048,1.368,0.866,0.561,1,1,3,
0.061,0.120,-0.817,-0.608,-0.227,0.059,19.632,-13.260,-29.976,147.691,140.237,95.382,0.033,1.323,0.842,0.561,1,1,3,
0.080,0.096,-0.864,-0.853,-0.108,0.007,21.924,-14.076,-28.848,146.625,138.569,98.059,0.031,1.332,0.845,0.561,1,1,3,
0.073,0.126,-0.868,0.305,-0.034,-0.028,17.100,-11.352,-32.292,146.466,144.261,111.627,0.035,0.795,0.632,0.561,1,1,2
0.084,0.157,-0.842,-1.113,-0.462,-0.370,24.504,-12.768,-27.648,152.483,147.710,123.478,0.047,1.351,0.859,0.245,1,1,3,
0.319,-0.034,-0.981,1.333,0.556,-2.531,13.428,18.900,-28.920,202.917,243.089,229.863,0.024,1.312,0.835,0.245,1,1,3,
0.017,-0.069,-0.602,0.554,-0.092,-0.124,-13.884,18.660,-28.464,312.806,299.337,296.076,0.013,0.985,0.699,0.245,1,1,2,
0.012,-0.091,-0.737,0.937,0.140,-0.219,-19.008,19.932,-25.980,319.694,306.353,302.668,0.364,1.325,0.975,0.245,1,1,3,
0.009,-0.123,-0.866,0.330,-0.004,-0.149,-15.612,17.196,-29.760,319.905,310.749,313.597,0.077,0.809,0.655,0.245,1,1,2,
0.035,-0.115,-0.996,1.488,-0.098,-0.067,-21.972,21.276,-24.852,321.773,311.978,320.986,0.025,0.799,0.630,0.245,1,1,2,
0.030,-0.049,-0.753,0.642,0.013,0.062,-22.704,20.196,-23.436,322.021,313.708,330.281,0.077,0.801,0.651,0.245,1,1,2,
-0.030,-0.004,-0.432,0.044,-0.145,-1.012,-16.188,14.064,-27.264,309.587,330.167,75.024,0.061,0.798,0.644,0.559,1,1,2,
0.009,-0.079,-0.651,1.305,0.147,-0.181,-23.028,18.564,-22.776,324.264,328.133,10.214,0.345,1.330,0.970,0.559,1,1,3,
0.039,-0.023,-0.502,0.477,0.130,-0.113,-25.680,17.280,-23.136,327.998,323.697,23.775,0.126,0.798,0.670,0.559,1,1,2,
0.030,0.033,-0.644,0.707,-0.288,-0.101,-24.156,19.500,-22.104,322.880,322.464,28.377,0.137,1.370,0.903,0.559,1,1,3,
0.078,-0.044,-0.624,-0.358,-0.122,-0.215,-15.588,22.056,-25.968,310.021,316.440,33.039,0.116,0.776,0.657,0.559,1,1,2,
0.031,-0.037,-0.577,0.057,-0.100,-0.117,-17.688,20.796,-25.536,314.498,315.960,39.240,0.117,1.406,0.910,0.559,1,1,3,
0.048,-0.124,-0.716,0.175,-0.052,-0.162,-17.064,22.056,-25.152,315.827,314.621,45.638,0.136,1.276,0.865,0.559,1,1,3,
0.045,-0.105,-0.795,1.454,0.186,-0.072,-22.452,20.664,-22.944,321.655,315.989,51.400,0.094,1.370,0.885,0.559,1,1,3,
0.030,-0.082,-0.689,-0.441,0.156,0.002,-15.372,19.608,-26.328,314.304,312.993,58.506,0.097,0.791,0.655,0.559,1,1,2,
0.044,-0.112,-0.539,0.092,-0.103,-0.190,-15.720,22.500,-25.704,315.054,309.414,62.074,0.069,1.368,0.875,0.559,1,1,3,
0.060,-0.176,-0.791,1.524,-0.168,-0.070,-22.368,21.696,-21.792,322.691,311.369,67.773,0.092,1.292,0.853,0.559,1,1,3,
0.026,-0.090,-0.948,1.331,0.399,-0.164,-21.564,18.216,-24.300,324.602,313.735,77.222,0.110,1.357,0.887,0.559,1,1,3,
-0.022,-0.046,-0.417,0.518,0.063,0.133,-24.048,18.228,-21.660,323.413,315.086,82.164,0.069,0.784,0.641,0.559,1,1,2
0.072,0.054,-0.688,0.019,-0.077,-0.094,16.608,-15.648,-23.184,135.776,30.195,11.555,0.048,0.993,0.717,0.372,1,1,2,
0.104,0.045,-0.672,-0.325,0.472,-0.247,19.524,-17.172,-21.540,136.499,55.345,16.011,0.078,1.013,0.737,0.686,1,1,2,
0.124,0.052,-0.624,-0.369,0.209,-0.199,17.952,-14.568,-24.024,135.288,67.480,19.596,0.075,0.989,0.726,0.686,1,1,2,
0.131,0.084,-0.591,-0.646,0.103,-0.369,20.412,-14.244,-23.676,141.865,89.776,30.412,0.089,1.010,0.740,0.686,1,1,2,
0.047,0.033,-0.617,-0.562,0.311,0.107,23.364,-18.624,-19.656,141.005,106.813,34.825,0.117,0.988,0.742,0.686,1,1,2,
0.091,0.131,-0.680,-1.206,0.295,-0.267,21.156,-17.424,-21.420,142.011,122.674,42.009,0.153,0.999,0.761,0.686,1,1,2,
0.046,0.113,-0.601,-0.720,0.090,-0.182,20.580,-15.456,-22.500,144.912,129.319,48.588,0.082,1.006,0.735,0.686,1,1,2,
0.089,0.068,-0.690,0.765,-0.318,0.078,15.276,-10.332,-27.324,141.051,132.505,52.924,0.146,1.318,0.885,0.686,1,1,3,
0.120,0.071,-0.630,-0.290,0.304,-0.007,23.352,-14.052,-22.344,145.013,138.936,58.174,0.095,1.007,0.741,0.686,1,1,2,
0.083,0.028,-0.612,0.011,0.020,0.016,19.128,-12.492,-25.380,143.350,144.685,63.045,0.060,0.964,0.710,0.686,1,1,2,
0.149,0.017,-0.787,-0.340,0.114,-0.158,20.832,-13.752,-22.896,139.143,152.241,67.388,0.072,0.989,0.724,0.686,1,1,2,
0.151,0.013,-0.740,-0.745,0.265,-0.142,20.388,-14.508,-23.412,137.890,152.968,72.477,0.037,1.062,0.739,0.686,1,1,2,
0.143,0.067,-0.876,0.419,-0.288,-0.186,13.692,-10.644,-27.588,137.046,151.994,76.972,0.045,1.305,0.840,0.686,1,1,3,
0.164,0.068,-0.921,0.016,0.028,-0.054,14.112,-10.236,-27.768,137.289,154.149,85.162,0.006,0.810,0.626,0.686,1,1,2,
0.115,0.045,-0.599,-1.105,0.179,-0.232,23.400,-14.532,-21.672,143.347,157.840,87.208,0.026,1.305,0.833,0.686,1,1,3,
0.164,-0.043,-0.597,-0.036,-0.035,-0.145,22.296,-13.668,-22.476,136.332,157.521,93.322,0.069,1.013,0.733,0.686,1,1,2,
0.151,-0.044,-0.597,-0.305,0.294,-0.381,21.204,-16.188,-21.468,131.281,158.628,97.755,0.095,0.993,0.735,0.686,1,1,2,
0.117,-0.169,-0.592,-1.036,0.476,-0.398,25.992,-19.572,-17.928,127.789,162.602,106.307,0.138,1.001,0.756,0.686,1,1,2,
0.176,-0.024,-0.654,0.466,-0.439,-0.184,19.104,-10.572,-24.912,136.883,160.661,107.366,0.138,1.337,0.890,0.686,1,1,3
0.007,-0.035,-0.659,0.468,-0.163,0.160,-15.720,25.512,-19.284,306.244,323.720,307.716,0.045,1.305,0.840,0.618,1,1,3,
-0.033,-0.034,-0.563,-0.354,-0.142,-0.297,-13.620,21.648,-22.092,303.200,318.424,314.480,0.075,-0.013,0.325,0.618,1,1,1,
-0.038,0.021,-0.824,1.158,0.189,0.117,-22.068,17.136,-20.940,318.578,319.790,324.038,0.109,-0.053,0.322,0.618,1,1,1,
-0.049,0.074,-0.513,-0.760,-0.011,-0.094,-18.252,18.900,-22.836,311.812,317.510,325.218,0.030,1.235,0.806,0.618,1,1,2,
-0.016,-0.008,-0.582,-0.285,-0.060,-0.252,-18.972,21.264,-20.796,311.961,317.210,328.549,0.131,1.449,0.932,0.618,1,1,3,
0.006,-0.032,-0.637,-0.521,0.032,-0.232,-16.776,22.128,-21.732,308.501,314.718,332.175,0.141,1.300,0.876,0.618,1,1,3,
0.006,-0.045,-0.653,-1.054,0.015,-0.120,-15.456,21.204,-24.228,310.169,310.388,334.602,0.114,1.372,0.894,0.618,1,1,3,
0.004,-0.105,-0.713,1.383,-0.023,0.012,-17.412,21.840,-19.524,312.589,311.449,342.901,0.122,0.993,0.746,0.618,1,1,2,
-0.039,-0.065,-0.635,0.593,0.017,-0.052,-17.748,19.428,-19.608,313.416,311.430,348.848,0.188,1.319,0.903,0.618,1,1,3,
-0.002,-0.041,-0.455,0.394,-0.019,-0.158,-15.948,22.176,-21.684,309.302,305.508,349.860,0.148,1.353,0.901,0.618,1,1,3,
-0.016,-0.092,-0.451,0.043,0.153,-0.090,-14.388,19.236,-23.100,314.177,304.810,353.800,0.257,1.332,0.936,0.618,1,1,3,
-0.039,-0.083,-0.486,-0.356,0.064,-0.129,-14.520,18.240,-23.244,313.202,304.395,216.098,0.175,1.364,0.916,0.618,1,1,3,
-0.042,-0.125,-0.608,-0.867,0.104,-0.107,-13.500,16.968,-26.772,314.100,306.255,4.516,0.174,1.252,0.870,0.618,1,1,3,
-0.077,0.010,-0.554,0.796,0.202,-0.218,-19.260,17.244,-20.304,312.598,309.114,12.108,0.157,0.936,0.737,0.618,1,1,2,
-0.034,-0.147,-0.647,-1.162,-0.480,-0.354,-13.980,18.708,-25.764,311.965,309.449,18.853,0.181,0.880,0.724,0.618,1,1,2,
-0.073,-0.001,-0.449,-0.407,0.415,0.042,-18.612,14.136,-22.800,319.166,310.944,22.650,0.183,1.272,0.882,0.332,1,1,3,
-0.016,-0.045,-0.668,-1.199,0.112,-0.093,-16.296,19.332,-24.612,311.145,309.380,23.413,0.211,1.381,0.937,0.332,1,1,3,
-0.064,-0.016,-0.768,1.038,0.023,-0.048,-19.524,18.492,-19.548,313.852,314.275,31.671,0.138,1.008,0.758,0.332,1,1,2,
-0.080,-0.024,-0.661,0.609,-0.031,-0.296,-18.960,16.824,-19.776,317.147,317.577,39.646,0.082,1.290,0.849,0.332,1,1,3,
-0.066,-0.026,-0.861,-0.074,-0.117,-0.064,-18.372,16.140,-23.688,315.225,319.436,42.225,0.150,1.383,0.913,0.332,1,1,3,
-0.030,-0.009,-0.592,0.249,0.075,-0.098,-20.412,18.420,-20.520,316.329,319.653,45.967,0.053,1.321,0.850,0.332,1,1,3,
0.112,-0.199,-0.658,-0.451,-0.828,-5.454,-18.492,4.548,-20.568,250.669,164.475,124.406,0.041,0.664,0.582,0.332,1,1,2
0.154,0.112,-0.624,-1.766,0.320,-0.290,23.052,-17.796,-19.524,141.175,31.898,18.022,0.118,1.015,0.753,0.379,1,1,2,
0.133,0.172,-0.753,-1.481,0.387,-0.100,21.156,-18.120,-20.292,140.162,49.456,23.495,0.140,1.020,0.764,0.379,1,1,2,
0.160,0.062,-0.620,0.689,-0.264,0.185,15.660,-11.208,-25.740,139.520,60.664,25.532,0.138,1.316,0.881,0.379,1,1,3,
0.102,-0.033,-0.577,0.607,-0.203,0.097,18.228,-12.720,-24.576,135.149,79.683,29.966,0.137,1.015,0.761,0.379,1,1,2,
0.035,0.068,-0.644,0.898,-0.209,0.159,14.976,-14.436,-24.264,137.892,96.752,31.012,0.093,0.989,0.733,0.379,1,1,2,
0.094,0.102,-0.584,0.241,-0.180,0.099,16.176,-13.440,-24.768,140.255,112.733,38.503,0.125,1.007,0.753,0.379,1,1,2,
0.070,0.035,-0.457,-0.352,-0.031,-0.164,22.596,-14.760,-21.888,143.504,121.662,39.699,0.089,0.996,0.734,0.379,1,1,2,
0.084,-0.010,-0.574,-0.120,-0.155,-0.314,24.204,-14.688,-21.660,143.585,140.208,50.033,0.121,0.990,0.745,0.379,1,1,2,
0.116,-0.056,-0.646,0.556,-0.111,-0.082,19.956,-13.968,-23.532,136.439,147.621,54.936,0.113,1.003,0.746,0.379,1,1,2,
0.145,-0.039,-0.802,-1.066,0.497,-0.234,23.760,-17.388,-19.560,137.444,155.279,59.180,0.060,0.776,0.634,0.379,1,1,2,
0.081,-0.071,-0.531,-0.697,0.267,-0.137,25.848,-17.904,-18.492,138.126,163.413,66.275,0.048,1.056,0.742,0.379,1,1,2,
0.034,-0.158,-0.518,0.086,0.080,-0.137,25.020,-19.452,-17.544,129.248,165.608,69.450,0.106,0.906,0.705,0.379,1,1,2,
0.087,-0.032,-0.646,0.628,-0.262,-0.135,18.996,-17.400,-21.288,130.974,165.291,71.542,0.155,1.529,0.974,0.379,1,1,3,
0.015,-0.087,-0.521,0.174,-0.067,-0.209,21.012,-18.396,-20.604,132.843,155.507,72.781,0.113,1.003,0.746,0.379,1,1,2,
0.054,-0.143,-0.537,0.222,-0.075,-0.264,24.996,-18.456,-18.804,132.731,164.232,85.813,0.152,1.001,0.761,0.692,1,1,2,
0.118,-0.156,-0.757,0.248,-0.186,-0.275,24.768,-15.288,-20.040,136.359,163.357,87.432,0.118,1.000,0.747,0.692,1,1,2,
0.032,-0.161,-1.043,-0.167,-0.604,0.466,18.384,-15.060,-23.616,136.224,154.999,86.330,0.029,1.292,0.829,0.692,1,1,3,
-0.053,-0.154,-0.910,0.746,1.019,0.908,-15.564,10.716,-24.768,329.557,212.320,308.585,0.048,1.019,0.727,0.692,1,1,2,
0.145,0.195,-0.582,-0.273,0.111,-0.104,-13.560,27.324,-20.076,289.553,306.696,278.239,0.027,1.017,0.718,0.692,1,1,2
0.043,-0.008,-0.724,-0.637,0.056,0.025,-14.352,21.120,-25.464,306.724,307.673,300.006,0.106,1.013,0.748,0.448,1,1,2,
-0.007,-0.009,-0.757,1.485,0.294,-0.856,-20.388,23.760,-24.204,297.866,306.604,303.102,0.078,0.807,0.654,0.448,1,1,2,
0.077,0.046,-0.626,-0.771,0.144,-0.220,-13.368,22.596,-24.072,300.582,311.046,317.424,0.060,1.330,0.856,0.448,1,1,3,
0.015,0.154,-0.565,0.099,-0.086,-0.119,-19.452,22.488,-24.288,303.029,310.283,319.586,0.131,0.978,0.744,0.448,1,1,2,
0.064,-0.089,-0.773,-0.619,0.418,-0.385,-13.404,21.108,-23.640,309.960,311.762,332.184,0.098,0.984,0.733,0.448,1,1,2,
0.027,0.018,-0.515,0.646,-0.165,-0.191,-18.288,23.640,-23.580,310.415,308.304,336.188,0.094,1.014,0.743,0.448,1,1,2,
0.011,-0.049,-0.689,1.188,-0.258,0.017,-20.364,24.096,-23.256,311.682,305.398,338.242,0.147,1.007,0.761,0.448,1,1,2,
0.042,-0.070,-0.704,1.564,-0.091,-0.258,-18.504,24.756,-22.656,309.756,311.271,347.781,0.116,1.002,0.747,0.448,1,1,2,
0.024,0.062,-0.640,1.429,0.084,0.091,-22.608,21.312,-23.220,308.874,314.055,357.049,0.109,0.999,0.743,0.448,1,1,2,
0.062,0.010,-0.587,-0.368,0.237,-0.200,-15.684,23.964,-22.920,304.652,310.295,72.256,0.109,1.353,0.885,0.448,1,1,3,
0.079,0.082,-0.459,0.117,-0.207,-0.080,-15.408,29.796,-22.068,292.018,301.362,357.595,0.159,1.021,0.772,0.448,1,1,2,
0.047,0.068,-0.560,0.888,-0.225,-0.068,-19.200,28.380,-21.120,300.313,303.593,6.858,0.176,0.991,0.767,0.448,1,1,2,
0.032,0.016,-0.494,0.994,-0.435,-0.204,-18.828,28.332,-21.756,300.213,298.987,7.683,0.182,0.989,0.769,0.448,1,1,2,
0.090,-0.050,-0.673,1.348,-0.566,-0.021,-16.680,29.724,-21.264,304.159,295.325,8.732,0.193,1.007,0.780,0.448,1,1,2,
0.131,0.014,-0.655,-0.652,0.333,-0.579,-13.356,28.572,-21.996,299.356,298.287,17.232,0.115,1.292,0.863,0.448,1,1,3,
0.168,0.052,-0.597,-0.555,-0.238,-0.450,-14.004,29.688,-21.240,299.829,299.172,20.553,0.085,1.029,0.746,0.448,1,1,2,
0.097,0.078,-0.543,0.231,-0.324,-0.100,-16.968,30.324,-20.076,300.190,298.110,20.753,0.116,-0.053,0.325,0.448,1,1,1,
0.060,-0.107,-0.763,0.728,0.097,-0.534,7.344,-18.732,-28.992,98.336,92.390,213.682,0.040,-0.013,0.311,0.448,1,1,1
0.060,-0.069,-0.881,0.067,0.009,-0.020,22.668,-30.756,-22.404,125.651,129.619,75.477,0.008,0.969,0.691,0.394,1,1,2,
0.070,-0.019,-1.016,-0.056,0.154,0.009,20.856,-30.888,-19.776,122.428,126.787,94.957,0.004,0.291,0.418,0.394,1,1,1,
0.063,-0.079,-0.941,-0.084,0.095,-0.132,21.600,-28.584,-17.016,124.061,128.824,116.387,0.006,0.307,0.425,0.394,1,1,1
0.072,-0.046,-1.022,-0.156,0.060,-0.044,22.020,-30.612,-19.812,123.373,128.000,143.083,0.003,0.270,0.409,0.557,1,1,1,
0.069,-0.044,-0.844,-0.018,0.089,-0.129,22.152,-29.268,-16.968,124.721,128.186,148.831,0.012,1.272,0.814,0.557,1,1,2,
0.072,-0.052,-0.891,0.208,-0.029,-0.219,21.912,-29.304,-20.604,123.884,128.175,154.205,0.010,1.002,0.705,0.557,1,1,2,
0.092,-0.102,-0.886,0.086,0.094,-0.134,23.040,-25.932,-17.184,126.909,130.898,186.037,0.003,0.169,0.369,0.557,1,1,1,
0.031,-0.072,-0.844,0.015,0.010,-0.187,20.856,-28.392,-18.924,123.683,128.882,191.640,0.004,0.803,0.623,0.270,1,1,2,
0.062,0.015,-0.980,0.073,0.062,-0.130,18.924,-27.288,-26.076,123.813,127.061,206.813,0.006,0.356,0.445,0.270,1,1,1,
0.081,-0.086,-0.882,0.006,0.036,-0.123,22.152,-26.436,-18.720,125.424,130.021,220.866,0.006,0.591,0.539,0.270,1,1,1
-0.025,0.153,-0.846,0.027,0.335,-0.003,-17.148,22.440,-25.944,297.811,295.127,102.046,0.005,1.389,0.858,0.627,1,1,3,
0.039,0.171,-0.969,0.324,-0.280,0.005,-18.516,27.984,-22.440,297.695,305.284,123.719,0.006,0.267,0.409,0.627,1,1,1,
0.013,0.196,-0.867,-0.078,-0.073,-0.191,-18.168,26.856,-23.532,295.038,306.699,129.816,0.003,0.977,0.692,0.627,1,1,2,
0.005,0.180,-0.872,0.160,-0.151,-0.101,-17.688,27.048,-23.352,294.994,306.367,136.178,0.006,0.804,0.624,0.627,1,1,2,
0.008,0.187,-0.914,0.289,-0.092,-0.007,-18.852,26.520,-23.880,297.458,307.394,150.664,0.004,0.404,0.463,0.627,1,1,1,
-0.043,-0.049,-0.315,0.590,0.285,0.050,-16.428,25.032,-25.404,290.395,304.160,156.219,0.017,0.657,0.570,0.627,1,1,2,
0.006,0.164,-0.884,0.055,-0.016,-0.087,-16.896,26.280,-24.060,295.273,305.341,162.039,0.122,1.361,0.893,0.627,1,1,3,
0.000,0.179,-0.911,0.125,-0.063,-0.103,-18.072,26.676,-23.268,296.539,307.670,170.204,0.005,0.794,0.620,0.627,1,1,2,
0.023,0.196,-0.870,0.274,-0.098,0.060,-19.632,27.972,-22.164,297.748,306.621,176.902,0.004,0.794,0.619,0.627,1,1,2,
0.025,0.122,-0.832,-0.072,0.039,-0.209,-14.616,27.732,-24.264,292.210,302.449,180.288,0.018,0.995,0.705,0.627,1,1,2
