-0.022,-0.071,-0.384,0.029,0.219,-0.059,12.492,-17.556,-32.184,94.396,339.933,32.736,0.042,1.217,0.804,0.254,1,1,2,
0.198,0.064,-0.996,0.111,0.016,-0.095,10.788,-6.684,-39.780,133.504,343.156,37.749,0.217,2.217,1.274,0.567,1,1,3,
0.166,-0.045,-0.657,0.187,-0.079,-0.112,14.280,-9.036,-36.252,125.378,352.569,44.086,0.061,0.673,0.594,0.389,1,1,2,
0.158,-0.029,-0.729,-0.094,0.235,-0.137,11.616,-11.544,-34.824,118.640,355.387,48.070,0.036,-0.010,0.311,0.389,1,1,1,
0.167,-0.013,-0.789,0.200,-0.038,-0.037,11.760,-9.432,-36.396,124.171,144.370,52.813,0.031,1.003,0.713,0.389,1,1,2,
0.207,-0.047,-0.841,-0.250,0.260,-0.056,14.808,-10.980,-34.620,124.158,10.404,62.247,0.015,0.799,0.626,0.389,1,1,2,
0.168,-0.049,-0.851,-0.130,0.245,-0.058,13.620,-11.436,-35.208,122.640,16.580,69.475,0.011,0.980,0.697,0.389,1,1,2,
0.146,-0.012,-0.791,0.188,-0.007,-0.041,10.764,-8.916,-36.204,123.891,22.517,74.724,0.011,1.014,0.710,0.389,1,1,2,
0.246,-0.044,-0.903,-0.336,0.217,-0.139,15.360,-8.496,-34.824,127.296,31.529,82.635,0.020,0.814,0.634,0.389,1,1,2,
0.288,-0.032,-0.958,-0.336,0.241,-0.185,14.832,-7.284,-35.592,129.726,40.014,91.914,0.008,0.784,0.617,0.389,1,1,2,
0.230,-0.059,-0.859,0.179,-0.054,-0.024,14.532,-6.480,-36.084,126.841,42.643,95.106,0.004,1.351,0.842,0.389,1,1,3,
0.264,-0.053,-0.898,-0.408,0.281,-0.167,15.120,-8.892,-34.788,124.182,50.394,102.377,0.008,0.806,0.626,0.389,1,1,2,
0.255,-0.058,-0.871,-0.279,0.176,-0.182,15.036,-6.456,-35.244,127.080,54.524,107.283,0.009,0.971,0.692,0.389,1,1,2
0.298,-0.048,-0.927,-0.451,0.226,-0.240,14.520,-7.500,-35.100,123.694,72.149,128.175,0.011,0.812,0.629,0.627,1,1,2,
0.260,-0.112,-0.800,0.271,0.038,0.046,14.268,-4.260,-37.572,118.692,73.402,130.418,0.005,1.314,0.827,0.627,1,1,3,
0.304,-0.057,-0.860,-0.214,0.479,-0.071,15.864,-6.552,-34.872,126.705,79.965,137.626,0.013,0.806,0.628,0.627,1,1,2,
0.317,-0.067,-0.892,-0.374,0.205,-0.167,16.860,-7.344,-34.704,126.810,87.361,145.188,0.017,0.999,0.706,0.627,1,1,2,
0.263,-0.101,-0.806,-0.221,0.151,-0.142,16.836,-6.360,-34.944,124.496,93.177,152.217,0.009,1.021,0.712,0.627,1,1,2,
0.240,-0.040,-0.806,-0.200,0.137,-0.059,14.856,-6.084,-36.276,128.036,96.548,157.891,0.015,0.974,0.696,0.627,1,1,2,
0.245,-0.052,-0.816,-0.080,0.076,-0.210,13.596,-5.712,-37.008,125.127,105.034,168.190,0.013,1.004,0.707,0.627,1,1,2,
0.273,-0.077,-0.818,-0.108,-0.072,-0.084,14.532,-4.296,-37.572,123.846,110.539,174.586,0.014,1.015,0.712,0.627,1,1,2,
0.269,-0.086,-0.827,0.084,0.017,-0.010,13.536,-3.732,-37.740,120.901,117.071,182.357,0.010,0.997,0.703,0.627,1,1,2,
0.239,-0.071,-0.832,-0.011,0.018,0.063,15.084,-4.944,-37.128,125.778,122.822,188.830,0.010,1.000,0.704,0.627,1,1,2,
0.217,-0.116,-0.824,0.147,-0.011,0.093,14.196,-5.544,-37.536,118.910,128.316,194.921,0.009,0.999,0.703,0.627,1,1,2,
0.240,-0.123,-0.840,0.294,-0.150,0.029,15.804,-4.884,-37.716,122.979,134.536,201.540,0.010,1.007,0.707,0.627,1,1,2,
0.260,-0.075,-0.861,0.130,0.015,0.120,12.408,-5.352,-38.376,115.759,138.303,206.662,0.009,0.976,0.694,0.627,1,1,2,
0.305,-0.042,-0.893,-0.225,0.154,-0.064,15.336,-4.092,-36.624,128.478,143.190,212.831,0.006,0.796,0.621,0.627,1,1,2,
0.285,-0.044,-0.899,-0.235,0.207,-0.040,14.976,-5.928,-36.900,125.253,148.675,218.211,0.011,0.994,0.702,0.627,1,1,2,
0.240,0.052,-0.986,-0.156,0.042,-0.209,12.072,-6.264,-38.664,132.086,159.702,233.149,0.002,0.671,0.569,0.627,1,1,2,
0.243,0.014,-0.944,-0.367,0.230,-0.183,13.572,-9.432,-35.208,127.779,161.794,236.260,0.007,1.361,0.847,0.627,1,1,3,
0.184,-0.058,-0.796,0.101,0.084,-0.077,13.032,-8.544,-36.540,121.112,166.482,241.501,0.005,1.335,0.836,0.627,1,1,3
0.126,0.023,-0.564,-0.224,-0.020,0.182,14.712,-10.692,-35.532,130.344,190.260,280.711,0.015,0.405,0.468,0.377,2,1,1,
0.135,-0.070,-0.589,-0.157,0.165,-0.105,15.372,-12.360,-33.876,116.520,190.456,288.627,0.050,0.802,0.641,0.377,2,1,2,
0.180,-0.155,-0.685,-0.001,-0.089,-0.105,15.612,-11.772,-34.584,108.335,192.196,297.314,0.050,0.751,0.620,0.377,2,1,2,
0.095,-0.171,-0.666,0.264,-0.005,-0.154,16.596,-13.620,-33.276,111.667,195.693,307.429,0.044,0.861,0.662,0.690,2,1,2,
0.131,-0.018,-1.026,0.030,-0.056,-0.119,11.388,-14.280,-35.148,120.124,193.515,312.501,0.038,1.362,0.860,0.690,2,1,3,
0.104,-0.265,-0.795,-0.290,0.211,-0.193,22.980,-19.500,-28.716,117.256,186.187,320.609,0.041,0.493,0.514,0.690,2,1,1,
0.084,-0.259,-0.712,-0.183,0.242,-0.110,20.652,-20.592,-29.796,111.192,179.099,326.028,0.029,0.801,0.632,0.690,2,1,2,
0.086,-0.277,-0.690,0.041,-0.053,-0.040,19.476,-20.508,-30.492,105.295,170.175,328.135,0.027,0.787,0.626,0.690,2,1,2,
0.081,-0.312,-0.635,0.103,-0.132,-0.057,20.148,-21.156,-30.048,102.769,165.423,332.184,0.018,0.826,0.638,0.690,2,1,2,
0.105,-0.437,-0.583,-0.024,-0.016,0.130,23.016,-21.840,-28.344,93.955,161.537,333.575,0.031,0.782,0.626,0.690,2,1,2,
0.089,-0.254,-1.016,0.144,0.001,-0.112,14.508,-21.780,-32.220,104.281,155.517,334.336,0.048,1.366,0.866,0.690,2,1,3,
-0.090,-0.512,-0.641,0.428,-0.052,0.174,16.644,-29.496,-27.708,79.259,148.834,341.182,0.046,0.559,0.542,0.690,2,1,1
0.136,-0.054,-0.718,0.203,-0.100,-0.024,11.688,-15.972,-33.672,114.566,159.353,47.757,0.028,0.828,0.642,0.615,2,1,2,
0.102,-0.087,-0.713,0.067,0.204,0.036,12.456,-20.340,-31.920,106.866,147.657,52.963,0.029,0.783,0.625,0.615,2,1,2,
0.122,-0.193,-0.727,0.552,0.171,0.070,12.492,-20.016,-32.616,97.886,136.315,55.763,0.024,0.812,0.634,0.615,2,1,2,
0.100,-0.263,-0.718,0.001,0.016,-0.119,13.980,-21.840,-31.644,95.511,130.106,59.914,0.025,0.772,0.619,0.615,2,1,2,
0.019,-0.398,-0.850,-0.058,0.109,-0.273,17.904,-25.656,-28.740,101.426,127.865,63.611,0.023,0.674,0.579,0.615,2,1,2,
0.052,-0.144,-0.690,0.005,-0.198,0.001,13.692,-25.812,-30.408,98.353,121.687,62.280,0.016,1.020,0.714,0.615,2,1,2,
0.047,-0.352,-0.776,-0.146,0.367,-0.320,13.812,-30.240,-29.016,87.692,123.981,74.115,0.031,0.666,0.579,0.615,2,1,2,
0.198,-0.028,-1.008,-0.134,-0.004,-0.132,11.604,-10.596,-33.960,122.147,137.589,111.167,0.006,0.308,0.426,0.615,2,1,1,
0.093,-0.035,-0.727,-0.490,0.235,-0.001,6.984,-20.664,-31.680,100.439,129.852,110.317,0.016,1.297,0.825,0.615,2,1,3,
0.135,-0.057,-0.735,0.374,-0.060,-0.228,4.716,-16.992,-33.360,90.656,124.495,120.627,0.059,0.998,0.723,0.615,2,1,2,
0.073,-0.181,-0.663,-0.132,0.133,-0.031,9.672,-20.340,-32.580,92.646,116.766,124.930,0.028,0.818,0.638,0.328,2,1,2
0.029,-0.345,-0.721,-0.088,0.328,-0.233,12.372,-26.280,-30.804,87.936,103.463,125.543,0.036,0.796,0.632,0.624,2,1,2,
0.129,-0.140,-1.005,-0.333,-0.204,0.129,13.368,-16.128,-33.816,113.466,118.105,165.137,0.007,0.201,0.383,0.624,0,1,1,
0.145,-0.099,-0.866,-0.038,0.122,-0.072,6.948,-18.012,-33.864,97.448,105.006,175.471,0.032,0.444,0.491,0.624,0,1,1,
0.149,-0.138,-0.741,-0.083,0.030,-0.216,6.804,-16.116,-34.260,100.677,100.845,189.198,0.010,0.565,0.530,0.624,0,1,1,
0.147,-0.066,-0.512,0.435,0.194,-0.126,7.332,-11.844,-34.860,101.296,100.927,200.590,0.055,0.816,0.648,0.624,0,1,2,
0.205,0.053,-0.753,-0.268,0.197,-0.078,7.320,-8.688,-36.528,113.512,101.540,213.684,0.058,0.791,0.640,0.624,0,1,2,
0.276,0.017,-0.941,0.066,0.060,-0.066,9.552,-7.404,-37.116,117.505,98.623,222.593,0.025,0.805,0.632,0.624,0,1,2,
0.149,-0.378,-0.806,-0.422,0.516,-0.234,16.692,-22.644,-30.360,97.100,88.150,221.270,0.029,0.562,0.537,0.624,0,1,1,
0.151,-0.291,-0.544,-0.003,0.023,-0.305,10.692,-16.836,-34.488,89.610,87.847,228.695,0.026,0.964,0.696,0.337,0,1,2,
0.126,-0.082,-0.755,-0.323,0.350,-0.129,6.216,-19.188,-33.600,97.131,91.209,239.429,0.053,0.852,0.662,0.337,0,1,2,
0.128,-0.052,-0.704,-0.224,-0.011,-0.236,7.272,-17.760,-33.276,103.532,91.374,247.855,0.087,0.986,0.729,0.337,0,1,2
